date,county,state,fips,cases,deaths,new_cases
2020-03-16,Nevada,California,6057.0,1,0,1.0
2020-03-17,Nevada,California,6057.0,1,0,0.0
2020-03-18,Nevada,California,6057.0,1,0,0.0
2020-03-19,Nevada,California,6057.0,1,0,0.0
2020-03-20,Nevada,California,6057.0,1,0,0.0
2020-03-21,Nevada,California,6057.0,1,0,0.0
2020-03-22,Nevada,California,6057.0,1,0,0.0
2020-03-23,Nevada,California,6057.0,3,0,2.0
2020-03-24,Nevada,California,6057.0,4,0,1.0
2020-03-25,Nevada,California,6057.0,4,0,0.0
2020-03-26,Nevada,California,6057.0,8,0,4.0
2020-03-27,Nevada,California,6057.0,12,0,4.0
2020-03-28,Nevada,California,6057.0,12,0,0.0
2020-03-29,Nevada,California,6057.0,12,0,0.0
2020-03-30,Nevada,California,6057.0,18,0,6.0
2020-03-31,Nevada,California,6057.0,21,0,3.0
2020-04-01,Nevada,California,6057.0,26,0,5.0
2020-04-02,Nevada,California,6057.0,30,0,4.0
2020-04-03,Nevada,California,6057.0,31,1,1.0
2020-04-04,Nevada,California,6057.0,31,1,0.0
2020-04-05,Nevada,California,6057.0,31,1,0.0
2020-04-06,Nevada,California,6057.0,32,1,1.0
2020-04-07,Nevada,California,6057.0,34,1,2.0
2020-04-08,Nevada,California,6057.0,34,1,0.0
2020-04-09,Nevada,California,6057.0,34,1,0.0
2020-04-10,Nevada,California,6057.0,34,1,0.0
2020-04-11,Nevada,California,6057.0,34,1,0.0
2020-04-12,Nevada,California,6057.0,34,1,0.0
2020-04-13,Nevada,California,6057.0,34,1,0.0
2020-04-14,Nevada,California,6057.0,34,1,0.0
2020-04-15,Nevada,California,6057.0,34,1,0.0
2020-04-16,Nevada,California,6057.0,34,1,0.0
2020-04-17,Nevada,California,6057.0,36,1,2.0
2020-04-18,Nevada,California,6057.0,36,1,0.0
2020-04-19,Nevada,California,6057.0,36,1,0.0
2020-04-20,Nevada,California,6057.0,38,1,2.0
2020-04-21,Nevada,California,6057.0,38,1,0.0
2020-04-22,Nevada,California,6057.0,36,1,-2.0
2020-04-23,Nevada,California,6057.0,36,1,0.0
2020-04-24,Nevada,California,6057.0,37,1,1.0
2020-04-25,Nevada,California,6057.0,37,1,0.0
2020-04-26,Nevada,California,6057.0,37,1,0.0
2020-04-27,Nevada,California,6057.0,39,1,2.0
2020-04-28,Nevada,California,6057.0,41,1,2.0
2020-04-29,Nevada,California,6057.0,41,1,0.0
2020-04-30,Nevada,California,6057.0,41,1,0.0
2020-05-01,Nevada,California,6057.0,41,1,0.0
2020-05-02,Nevada,California,6057.0,41,1,0.0
2020-05-03,Nevada,California,6057.0,41,1,0.0
2020-05-04,Nevada,California,6057.0,41,1,0.0
2020-05-05,Nevada,California,6057.0,41,1,0.0
2020-05-06,Nevada,California,6057.0,41,1,0.0
2020-05-07,Nevada,California,6057.0,41,1,0.0
2020-05-08,Nevada,California,6057.0,41,1,0.0
2020-05-09,Nevada,California,6057.0,41,1,0.0
2020-05-10,Nevada,California,6057.0,41,1,0.0
2020-05-11,Nevada,California,6057.0,41,1,0.0
