date,county,state,fips,cases,deaths,population,new_cases
2020-02-10,San Diego,California,6073.0,1,0,3338330,1.0
2020-02-11,San Diego,California,6073.0,1,0,3338330,0.0
2020-02-12,San Diego,California,6073.0,1,0,3338330,0.0
2020-02-13,San Diego,California,6073.0,1,0,3338330,0.0
2020-02-14,San Diego,California,6073.0,1,0,3338330,0.0
2020-02-15,San Diego,California,6073.0,1,0,3338330,0.0
2020-02-16,San Diego,California,6073.0,1,0,3338330,0.0
2020-02-17,San Diego,California,6073.0,1,0,3338330,0.0
2020-02-18,San Diego,California,6073.0,1,0,3338330,0.0
2020-02-19,San Diego,California,6073.0,1,0,3338330,0.0
2020-02-20,San Diego,California,6073.0,1,0,3338330,0.0
2020-02-21,San Diego,California,6073.0,1,0,3338330,0.0
2020-02-22,San Diego,California,6073.0,1,0,3338330,0.0
2020-02-23,San Diego,California,6073.0,1,0,3338330,0.0
2020-02-24,San Diego,California,6073.0,1,0,3338330,0.0
2020-02-25,San Diego,California,6073.0,1,0,3338330,0.0
2020-02-26,San Diego,California,6073.0,1,0,3338330,0.0
2020-02-27,San Diego,California,6073.0,1,0,3338330,0.0
2020-02-28,San Diego,California,6073.0,1,0,3338330,0.0
2020-02-29,San Diego,California,6073.0,1,0,3338330,0.0
2020-03-01,San Diego,California,6073.0,1,0,3338330,0.0
2020-03-02,San Diego,California,6073.0,1,0,3338330,0.0
2020-03-03,San Diego,California,6073.0,1,0,3338330,0.0
2020-03-04,San Diego,California,6073.0,1,0,3338330,0.0
2020-03-05,San Diego,California,6073.0,1,0,3338330,0.0
2020-03-06,San Diego,California,6073.0,1,0,3338330,0.0
2020-03-07,San Diego,California,6073.0,1,0,3338330,0.0
2020-03-08,San Diego,California,6073.0,1,0,3338330,0.0
2020-03-09,San Diego,California,6073.0,2,0,3338330,1.0
2020-03-10,San Diego,California,6073.0,2,0,3338330,0.0
2020-03-11,San Diego,California,6073.0,2,0,3338330,0.0
2020-03-12,San Diego,California,6073.0,5,0,3338330,3.0
2020-03-13,San Diego,California,6073.0,9,0,3338330,4.0
2020-03-14,San Diego,California,6073.0,10,0,3338330,1.0
2020-03-15,San Diego,California,6073.0,40,0,3338330,30.0
2020-03-16,San Diego,California,6073.0,56,0,3338330,16.0
2020-03-17,San Diego,California,6073.0,61,0,3338330,5.0
2020-03-18,San Diego,California,6073.0,81,0,3338330,20.0
2020-03-19,San Diego,California,6073.0,105,0,3338330,24.0
2020-03-20,San Diego,California,6073.0,131,0,3338330,26.0
2020-03-21,San Diego,California,6073.0,159,0,3338330,28.0
2020-03-22,San Diego,California,6073.0,205,0,3338330,46.0
2020-03-23,San Diego,California,6073.0,230,0,3338330,25.0
2020-03-24,San Diego,California,6073.0,242,1,3338330,12.0
2020-03-25,San Diego,California,6073.0,297,2,3338330,55.0
2020-03-26,San Diego,California,6073.0,341,3,3338330,44.0
2020-03-27,San Diego,California,6073.0,417,5,3338330,76.0
2020-03-28,San Diego,California,6073.0,488,7,3338330,71.0
2020-03-29,San Diego,California,6073.0,519,7,3338330,31.0
2020-03-30,San Diego,California,6073.0,603,7,3338330,84.0
2020-03-31,San Diego,California,6073.0,734,9,3338330,131.0
2020-04-01,San Diego,California,6073.0,849,15,3338330,115.0
2020-04-02,San Diego,California,6073.0,966,16,3338330,117.0
2020-04-03,San Diego,California,6073.0,1112,17,3338330,146.0
2020-04-04,San Diego,California,6073.0,1209,18,3338330,97.0
2020-04-05,San Diego,California,6073.0,1326,19,3338330,117.0
2020-04-06,San Diego,California,6073.0,1404,19,3338330,78.0
2020-04-07,San Diego,California,6073.0,1454,31,3338330,50.0
2020-04-08,San Diego,California,6073.0,1530,36,3338330,76.0
2020-04-09,San Diego,California,6073.0,1628,40,3338330,98.0
2020-04-10,San Diego,California,6073.0,1696,44,3338330,68.0
2020-04-11,San Diego,California,6073.0,1761,45,3338330,65.0
2020-04-12,San Diego,California,6073.0,1804,45,3338330,43.0
2020-04-13,San Diego,California,6073.0,1847,47,3338330,43.0
2020-04-14,San Diego,California,6073.0,1930,53,3338330,83.0
2020-04-15,San Diego,California,6073.0,2012,60,3338330,82.0
2020-04-16,San Diego,California,6073.0,2087,63,3338330,75.0
2020-04-17,San Diego,California,6073.0,2158,70,3338330,71.0
2020-04-18,San Diego,California,6073.0,2213,71,3338330,55.0
2020-04-19,San Diego,California,6073.0,2268,71,3338330,55.0
2020-04-20,San Diego,California,6073.0,2325,72,3338330,57.0
2020-04-21,San Diego,California,6073.0,2434,87,3338330,109.0
2020-04-22,San Diego,California,6073.0,2491,96,3338330,57.0
2020-04-23,San Diego,California,6073.0,2643,112,3338330,152.0
2020-04-24,San Diego,California,6073.0,2826,102,3338330,183.0
2020-04-25,San Diego,California,6073.0,2943,111,3338330,117.0
2020-04-26,San Diego,California,6073.0,3043,111,3338330,100.0
2020-04-27,San Diego,California,6073.0,3141,123,3338330,98.0
2020-04-28,San Diego,California,6073.0,3378,128,3338330,237.0
2020-04-29,San Diego,California,6073.0,3432,133,3338330,54.0
2020-04-30,San Diego,California,6073.0,3627,140,3338330,195.0
2020-05-01,San Diego,California,6073.0,3774,143,3338330,147.0
2020-05-02,San Diego,California,6073.0,3905,150,3338330,131.0
2020-05-03,San Diego,California,6073.0,3990,150,3338330,85.0
2020-05-04,San Diego,California,6073.0,4083,150,3338330,93.0
2020-05-05,San Diego,California,6073.0,4223,162,3338330,140.0
2020-05-06,San Diego,California,6073.0,4382,173,3338330,159.0
2020-05-07,San Diego,California,6073.0,4492,186,3338330,110.0
2020-05-08,San Diego,California,6073.0,4725,189,3338330,233.0
2020-05-09,San Diego,California,6073.0,4839,194,3338330,114.0
2020-05-10,San Diego,California,6073.0,4989,194,3338330,150.0
2020-05-11,San Diego,California,6073.0,5128,194,3338330,139.0
2020-05-12,San Diego,California,6073.0,5224,204,3338330,96.0
2020-05-13,San Diego,California,6073.0,5341,217,3338330,117.0
2020-05-14,San Diego,California,6073.0,5454,223,3338330,113.0
2020-05-15,San Diego,California,6073.0,5586,231,3338330,132.0
2020-05-16,San Diego,California,6073.0,5725,235,3338330,139.0
2020-05-17,San Diego,California,6073.0,5899,235,3338330,174.0
2020-05-18,San Diego,California,6073.0,6009,242,3338330,110.0
2020-05-19,San Diego,California,6073.0,6089,242,3338330,80.0
2020-05-20,San Diego,California,6073.0,6203,242,3338330,114.0
2020-05-21,San Diego,California,6073.0,6378,262,3338330,175.0
