date,county,state,fips,cases,deaths,new_cases
2020-03-01,Alameda,California,6001.0,1,0,1.0
2020-03-02,Alameda,California,6001.0,1,0,0.0
2020-03-03,Alameda,California,6001.0,2,0,1.0
2020-03-04,Alameda,California,6001.0,2,0,0.0
2020-03-05,Alameda,California,6001.0,2,0,0.0
2020-03-06,Alameda,California,6001.0,3,0,1.0
2020-03-07,Alameda,California,6001.0,3,0,0.0
2020-03-08,Alameda,California,6001.0,3,0,0.0
2020-03-09,Alameda,California,6001.0,24,0,21.0
2020-03-10,Alameda,California,6001.0,25,0,1.0
2020-03-11,Alameda,California,6001.0,25,0,0.0
2020-03-12,Alameda,California,6001.0,29,0,4.0
2020-03-13,Alameda,California,6001.0,29,0,0.0
2020-03-14,Alameda,California,6001.0,29,0,0.0
2020-03-15,Alameda,California,6001.0,37,0,8.0
2020-03-16,Alameda,California,6001.0,40,0,3.0
2020-03-17,Alameda,California,6001.0,49,0,9.0
2020-03-18,Alameda,California,6001.0,53,0,4.0
2020-03-19,Alameda,California,6001.0,57,0,4.0
2020-03-20,Alameda,California,6001.0,67,0,10.0
2020-03-21,Alameda,California,6001.0,87,0,20.0
2020-03-22,Alameda,California,6001.0,127,0,40.0
2020-03-23,Alameda,California,6001.0,139,1,12.0
2020-03-24,Alameda,California,6001.0,151,2,12.0
2020-03-25,Alameda,California,6001.0,156,2,5.0
2020-03-26,Alameda,California,6001.0,199,4,43.0
2020-03-27,Alameda,California,6001.0,241,4,42.0
2020-03-28,Alameda,California,6001.0,277,6,36.0
2020-03-29,Alameda,California,6001.0,291,6,14.0
2020-03-30,Alameda,California,6001.0,304,7,13.0
2020-03-31,Alameda,California,6001.0,334,7,30.0
2020-04-01,Alameda,California,6001.0,380,8,46.0
2020-04-02,Alameda,California,6001.0,417,9,37.0
2020-04-03,Alameda,California,6001.0,464,12,47.0
2020-04-04,Alameda,California,6001.0,464,12,0.0
2020-04-05,Alameda,California,6001.0,587,12,123.0
2020-04-06,Alameda,California,6001.0,609,13,22.0
2020-04-07,Alameda,California,6001.0,655,15,46.0
2020-04-08,Alameda,California,6001.0,695,16,40.0
2020-04-09,Alameda,California,6001.0,734,17,39.0
2020-04-10,Alameda,California,6001.0,766,20,32.0
2020-04-11,Alameda,California,6001.0,827,21,61.0
2020-04-12,Alameda,California,6001.0,864,23,37.0
2020-04-13,Alameda,California,6001.0,907,23,43.0
2020-04-14,Alameda,California,6001.0,908,23,1.0
2020-04-15,Alameda,California,6001.0,983,36,75.0
2020-04-16,Alameda,California,6001.0,1069,40,86.0
2020-04-17,Alameda,California,6001.0,1084,40,15.0
2020-04-18,Alameda,California,6001.0,1135,41,51.0
2020-04-19,Alameda,California,6001.0,1185,42,50.0
2020-04-20,Alameda,California,6001.0,1212,42,27.0
2020-04-21,Alameda,California,6001.0,1260,43,48.0
2020-04-22,Alameda,California,6001.0,1260,43,0.0
2020-04-23,Alameda,California,6001.0,1350,48,90.0
2020-04-24,Alameda,California,6001.0,1422,48,72.0
2020-04-25,Alameda,California,6001.0,1458,52,36.0
2020-04-26,Alameda,California,6001.0,1489,52,31.0
2020-04-27,Alameda,California,6001.0,1519,56,30.0
2020-04-28,Alameda,California,6001.0,1554,59,35.0
2020-04-29,Alameda,California,6001.0,1589,59,35.0
2020-04-30,Alameda,California,6001.0,1624,63,35.0
2020-05-01,Alameda,California,6001.0,1657,63,33.0
2020-05-02,Alameda,California,6001.0,1726,63,69.0
2020-05-03,Alameda,California,6001.0,1770,63,44.0
2020-05-04,Alameda,California,6001.0,1797,65,27.0
2020-05-05,Alameda,California,6001.0,1830,66,33.0
2020-05-06,Alameda,California,6001.0,1884,69,54.0
2020-05-07,Alameda,California,6001.0,1938,69,54.0
2020-05-08,Alameda,California,6001.0,1982,70,44.0
2020-05-09,Alameda,California,6001.0,2044,72,62.0
2020-05-10,Alameda,California,6001.0,2085,75,41.0
2020-05-11,Alameda,California,6001.0,2122,75,37.0
2020-05-12,Alameda,California,6001.0,2154,75,32.0
2020-05-13,Alameda,California,6001.0,2199,80,45.0
2020-05-14,Alameda,California,6001.0,2202,80,3.0
2020-05-15,Alameda,California,6001.0,2321,84,119.0
2020-05-16,Alameda,California,6001.0,2372,85,51.0
2020-05-17,Alameda,California,6001.0,2413,85,41.0
2020-05-18,Alameda,California,6001.0,2478,85,65.0
2020-05-19,Alameda,California,6001.0,2543,88,65.0
2020-05-20,Alameda,California,6001.0,2581,88,38.0
2020-05-21,Alameda,California,6001.0,2630,90,49.0
2020-05-22,Alameda,California,6001.0,2729,90,99.0
2020-05-23,Alameda,California,6001.0,2788,92,59.0
2020-05-24,Alameda,California,6001.0,2868,93,80.0
2020-05-25,Alameda,California,6001.0,2895,93,27.0
2020-05-26,Alameda,California,6001.0,3007,93,112.0
2020-05-27,Alameda,California,6001.0,3070,97,63.0
2020-05-28,Alameda,California,6001.0,3118,97,48.0
2020-05-29,Alameda,California,6001.0,3216,102,98.0
2020-05-30,Alameda,California,6001.0,3310,103,94.0
2020-05-31,Alameda,California,6001.0,3411,103,101.0
2020-06-01,Alameda,California,6001.0,3491,104,80.0
2020-06-02,Alameda,California,6001.0,3536,104,45.0
2020-06-03,Alameda,California,6001.0,3569,104,33.0
2020-06-04,Alameda,California,6001.0,3662,104,93.0
2020-06-05,Alameda,California,6001.0,3746,104,84.0
2020-06-06,Alameda,California,6001.0,3826,104,80.0
2020-06-07,Alameda,California,6001.0,3895,104,69.0
2020-06-08,Alameda,California,6001.0,3966,104,71.0
2020-06-09,Alameda,California,6001.0,4006,110,40.0
2020-06-10,Alameda,California,6001.0,4054,110,48.0
2020-06-11,Alameda,California,6001.0,4140,110,86.0
2020-06-12,Alameda,California,6001.0,4237,110,97.0
2020-06-13,Alameda,California,6001.0,4237,110,0.0
2020-06-14,Alameda,California,6001.0,4341,112,104.0
2020-06-15,Alameda,California,6001.0,4394,112,53.0
2020-06-16,Alameda,California,6001.0,4502,112,108.0
2020-06-17,Alameda,California,6001.0,4554,116,52.0
2020-06-18,Alameda,California,6001.0,4659,117,105.0
2020-06-19,Alameda,California,6001.0,4723,118,64.0
2020-06-20,Alameda,California,6001.0,4826,118,103.0
2020-06-21,Alameda,California,6001.0,4826,119,0.0
2020-06-22,Alameda,California,6001.0,5028,120,202.0
2020-06-23,Alameda,California,6001.0,5161,121,133.0
2020-06-24,Alameda,California,6001.0,5296,122,135.0
2020-06-25,Alameda,California,6001.0,5403,128,107.0
2020-06-26,Alameda,California,6001.0,5514,130,111.0
2020-06-27,Alameda,California,6001.0,5523,130,9.0
2020-06-28,Alameda,California,6001.0,5691,133,168.0
2020-06-29,Alameda,California,6001.0,5783,133,92.0
2020-06-30,Alameda,California,6001.0,5985,135,202.0
2020-07-01,Alameda,California,6001.0,6177,136,192.0
2020-07-02,Alameda,California,6001.0,6405,138,228.0
2020-07-03,Alameda,California,6001.0,6493,140,88.0
2020-07-04,Alameda,California,6001.0,6577,140,84.0
2020-07-05,Alameda,California,6001.0,6876,140,299.0
2020-07-06,Alameda,California,6001.0,6908,140,32.0
2020-07-07,Alameda,California,6001.0,6991,140,83.0
2020-07-08,Alameda,California,6001.0,7266,142,275.0
2020-07-09,Alameda,California,6001.0,7428,146,162.0
2020-07-10,Alameda,California,6001.0,7506,147,78.0
2020-07-11,Alameda,California,6001.0,7746,148,240.0
2020-07-12,Alameda,California,6001.0,7866,148,120.0
2020-07-13,Alameda,California,6001.0,8077,148,211.0
2020-07-14,Alameda,California,6001.0,8342,152,265.0
