date,county,state,fips,cases,deaths,new_cases,new_deaths
2020-03-03,Contra Costa,California,6013.0,1,0,1.0,0.0
2020-03-04,Contra Costa,California,6013.0,1,0,0.0,0.0
2020-03-05,Contra Costa,California,6013.0,1,0,0.0,0.0
2020-03-06,Contra Costa,California,6013.0,4,0,3.0,0.0
2020-03-07,Contra Costa,California,6013.0,4,0,0.0,0.0
2020-03-08,Contra Costa,California,6013.0,9,0,5.0,0.0
2020-03-09,Contra Costa,California,6013.0,9,0,0.0,0.0
2020-03-10,Contra Costa,California,6013.0,9,0,0.0,0.0
2020-03-11,Contra Costa,California,6013.0,9,0,0.0,0.0
2020-03-12,Contra Costa,California,6013.0,9,0,0.0,0.0
2020-03-13,Contra Costa,California,6013.0,25,0,16.0,0.0
2020-03-14,Contra Costa,California,6013.0,25,0,0.0,0.0
2020-03-15,Contra Costa,California,6013.0,25,0,0.0,0.0
2020-03-16,Contra Costa,California,6013.0,34,0,9.0,0.0
2020-03-17,Contra Costa,California,6013.0,34,0,0.0,0.0
2020-03-18,Contra Costa,California,6013.0,41,0,7.0,0.0
2020-03-19,Contra Costa,California,6013.0,42,0,1.0,0.0
2020-03-20,Contra Costa,California,6013.0,46,1,4.0,1.0
2020-03-21,Contra Costa,California,6013.0,51,1,5.0,0.0
2020-03-22,Contra Costa,California,6013.0,61,1,10.0,0.0
2020-03-23,Contra Costa,California,6013.0,71,1,10.0,0.0
2020-03-24,Contra Costa,California,6013.0,86,1,15.0,0.0
2020-03-25,Contra Costa,California,6013.0,108,1,22.0,0.0
2020-03-26,Contra Costa,California,6013.0,131,1,23.0,0.0
2020-03-27,Contra Costa,California,6013.0,151,2,20.0,1.0
2020-03-28,Contra Costa,California,6013.0,168,3,17.0,1.0
2020-03-29,Contra Costa,California,6013.0,175,3,7.0,0.0
2020-03-30,Contra Costa,California,6013.0,187,3,12.0,0.0
2020-03-31,Contra Costa,California,6013.0,222,3,35.0,0.0
2020-04-01,Contra Costa,California,6013.0,250,3,28.0,0.0
2020-04-02,Contra Costa,California,6013.0,276,3,26.0,0.0
2020-04-03,Contra Costa,California,6013.0,307,5,31.0,2.0
2020-04-04,Contra Costa,California,6013.0,353,5,46.0,0.0
2020-04-05,Contra Costa,California,6013.0,386,6,33.0,1.0
2020-04-06,Contra Costa,California,6013.0,417,7,31.0,1.0
2020-04-07,Contra Costa,California,6013.0,442,7,25.0,0.0
2020-04-08,Contra Costa,California,6013.0,462,7,20.0,0.0
2020-04-09,Contra Costa,California,6013.0,484,8,22.0,1.0
2020-04-10,Contra Costa,California,6013.0,511,9,27.0,1.0
2020-04-11,Contra Costa,California,6013.0,530,11,19.0,2.0
2020-04-12,Contra Costa,California,6013.0,539,11,9.0,0.0
2020-04-13,Contra Costa,California,6013.0,552,11,13.0,0.0
2020-04-14,Contra Costa,California,6013.0,600,12,48.0,1.0
2020-04-15,Contra Costa,California,6013.0,615,14,15.0,2.0
2020-04-16,Contra Costa,California,6013.0,631,16,16.0,2.0
2020-04-17,Contra Costa,California,6013.0,648,19,17.0,3.0
2020-04-18,Contra Costa,California,6013.0,685,19,37.0,0.0
2020-04-19,Contra Costa,California,6013.0,693,20,8.0,1.0
2020-04-20,Contra Costa,California,6013.0,707,22,14.0,2.0
2020-04-21,Contra Costa,California,6013.0,749,22,42.0,0.0
2020-04-22,Contra Costa,California,6013.0,763,22,14.0,0.0
2020-04-23,Contra Costa,California,6013.0,772,23,9.0,1.0
2020-04-24,Contra Costa,California,6013.0,786,23,14.0,0.0
2020-04-25,Contra Costa,California,6013.0,805,25,19.0,2.0
2020-04-26,Contra Costa,California,6013.0,817,25,12.0,0.0
2020-04-27,Contra Costa,California,6013.0,830,25,13.0,0.0
2020-04-28,Contra Costa,California,6013.0,843,25,13.0,0.0
2020-04-29,Contra Costa,California,6013.0,866,25,23.0,0.0
2020-04-30,Contra Costa,California,6013.0,891,27,25.0,2.0
2020-05-01,Contra Costa,California,6013.0,907,28,16.0,1.0
2020-05-02,Contra Costa,California,6013.0,934,28,27.0,0.0
2020-05-03,Contra Costa,California,6013.0,945,28,11.0,0.0
2020-05-04,Contra Costa,California,6013.0,947,28,2.0,0.0
2020-05-05,Contra Costa,California,6013.0,969,29,22.0,1.0
2020-05-06,Contra Costa,California,6013.0,985,29,16.0,0.0
2020-05-07,Contra Costa,California,6013.0,999,29,14.0,0.0
2020-05-08,Contra Costa,California,6013.0,1014,29,15.0,0.0
2020-05-09,Contra Costa,California,6013.0,1036,32,22.0,3.0
2020-05-10,Contra Costa,California,6013.0,1048,32,12.0,0.0
2020-05-11,Contra Costa,California,6013.0,1048,32,0.0,0.0
2020-05-12,Contra Costa,California,6013.0,1066,32,18.0,0.0
2020-05-13,Contra Costa,California,6013.0,1080,33,14.0,1.0
2020-05-14,Contra Costa,California,6013.0,1089,33,9.0,0.0
2020-05-15,Contra Costa,California,6013.0,1100,33,11.0,0.0
2020-05-16,Contra Costa,California,6013.0,1121,33,21.0,0.0
2020-05-17,Contra Costa,California,6013.0,1146,33,25.0,0.0
2020-05-18,Contra Costa,California,6013.0,1155,33,9.0,0.0
2020-05-19,Contra Costa,California,6013.0,1192,33,37.0,0.0
2020-05-20,Contra Costa,California,6013.0,1209,33,17.0,0.0
2020-05-21,Contra Costa,California,6013.0,1234,36,25.0,3.0
2020-05-22,Contra Costa,California,6013.0,1259,36,25.0,0.0
2020-05-23,Contra Costa,California,6013.0,1296,36,37.0,0.0
2020-05-24,Contra Costa,California,6013.0,1321,36,25.0,0.0
2020-05-25,Contra Costa,California,6013.0,1336,37,15.0,1.0
2020-05-26,Contra Costa,California,6013.0,1353,37,17.0,0.0
2020-05-27,Contra Costa,California,6013.0,1375,37,22.0,0.0
2020-05-28,Contra Costa,California,6013.0,1384,37,9.0,0.0
2020-05-29,Contra Costa,California,6013.0,1404,37,20.0,0.0
2020-05-30,Contra Costa,California,6013.0,1426,37,22.0,0.0
2020-05-31,Contra Costa,California,6013.0,1450,37,24.0,0.0
2020-06-01,Contra Costa,California,6013.0,1468,38,18.0,1.0
2020-06-02,Contra Costa,California,6013.0,1506,38,38.0,0.0
2020-06-03,Contra Costa,California,6013.0,1513,38,7.0,0.0
2020-06-04,Contra Costa,California,6013.0,1547,38,34.0,0.0
2020-06-05,Contra Costa,California,6013.0,1577,38,30.0,0.0
2020-06-06,Contra Costa,California,6013.0,1633,38,56.0,0.0
2020-06-07,Contra Costa,California,6013.0,1668,39,35.0,1.0
2020-06-08,Contra Costa,California,6013.0,1706,40,38.0,1.0
2020-06-09,Contra Costa,California,6013.0,1774,43,68.0,3.0
2020-06-10,Contra Costa,California,6013.0,1798,43,24.0,0.0
2020-06-11,Contra Costa,California,6013.0,1829,44,31.0,1.0
2020-06-12,Contra Costa,California,6013.0,1877,44,48.0,0.0
2020-06-13,Contra Costa,California,6013.0,1921,44,44.0,0.0
2020-06-14,Contra Costa,California,6013.0,1959,44,38.0,0.0
2020-06-15,Contra Costa,California,6013.0,1983,44,24.0,0.0
2020-06-16,Contra Costa,California,6013.0,2026,49,43.0,5.0
2020-06-17,Contra Costa,California,6013.0,2071,50,45.0,1.0
2020-06-18,Contra Costa,California,6013.0,2111,55,40.0,5.0
2020-06-19,Contra Costa,California,6013.0,2148,56,37.0,1.0
2020-06-20,Contra Costa,California,6013.0,2240,56,92.0,0.0
2020-06-21,Contra Costa,California,6013.0,2294,62,54.0,6.0
2020-06-22,Contra Costa,California,6013.0,2369,62,75.0,0.0
2020-06-23,Contra Costa,California,6013.0,2454,62,85.0,0.0
2020-06-24,Contra Costa,California,6013.0,2523,67,69.0,5.0
2020-06-25,Contra Costa,California,6013.0,2576,72,53.0,5.0
2020-06-26,Contra Costa,California,6013.0,2676,73,100.0,1.0
2020-06-27,Contra Costa,California,6013.0,2688,73,12.0,0.0
2020-06-28,Contra Costa,California,6013.0,2802,74,114.0,1.0
2020-06-29,Contra Costa,California,6013.0,2971,76,169.0,2.0
2020-06-30,Contra Costa,California,6013.0,3132,76,161.0,0.0
2020-07-01,Contra Costa,California,6013.0,3248,77,116.0,1.0
2020-07-02,Contra Costa,California,6013.0,3326,78,78.0,1.0
2020-07-03,Contra Costa,California,6013.0,3432,79,106.0,1.0
2020-07-04,Contra Costa,California,6013.0,3564,81,132.0,2.0
2020-07-05,Contra Costa,California,6013.0,3662,81,98.0,0.0
2020-07-06,Contra Costa,California,6013.0,3878,85,216.0,4.0
2020-07-07,Contra Costa,California,6013.0,4092,86,214.0,1.0
2020-07-08,Contra Costa,California,6013.0,4241,86,149.0,0.0
2020-07-09,Contra Costa,California,6013.0,4357,88,116.0,2.0
2020-07-10,Contra Costa,California,6013.0,4460,88,103.0,0.0
2020-07-11,Contra Costa,California,6013.0,4605,89,145.0,1.0
2020-07-12,Contra Costa,California,6013.0,4661,90,56.0,1.0
2020-07-13,Contra Costa,California,6013.0,4852,90,191.0,0.0
2020-07-14,Contra Costa,California,6013.0,5023,92,171.0,2.0
2020-07-15,Contra Costa,California,6013.0,5140,92,117.0,0.0
2020-07-16,Contra Costa,California,6013.0,5246,93,106.0,1.0
2020-07-17,Contra Costa,California,6013.0,5378,96,132.0,3.0
2020-07-18,Contra Costa,California,6013.0,5538,98,160.0,2.0
2020-07-19,Contra Costa,California,6013.0,5617,98,79.0,0.0
2020-07-20,Contra Costa,California,6013.0,5731,99,114.0,1.0
2020-07-21,Contra Costa,California,6013.0,5931,102,200.0,3.0
2020-07-22,Contra Costa,California,6013.0,6210,102,279.0,0.0
2020-07-23,Contra Costa,California,6013.0,6425,102,215.0,0.0
2020-07-24,Contra Costa,California,6013.0,6627,103,202.0,1.0
2020-07-25,Contra Costa,California,6013.0,6814,104,187.0,1.0
2020-07-26,Contra Costa,California,6013.0,6933,104,119.0,0.0
2020-07-27,Contra Costa,California,6013.0,7095,104,162.0,0.0
2020-07-28,Contra Costa,California,6013.0,7304,108,209.0,4.0
2020-07-29,Contra Costa,California,6013.0,7714,109,410.0,1.0
2020-07-30,Contra Costa,California,6013.0,7577,116,-137.0,7.0
