date,county,state,fips,cases,deaths,new_cases
2020-03-17,Kern,California,6029.0,1,0,1.0
2020-03-18,Kern,California,6029.0,1,0,0.0
2020-03-19,Kern,California,6029.0,2,0,1.0
2020-03-20,Kern,California,6029.0,2,0,0.0
2020-03-21,Kern,California,6029.0,4,0,2.0
2020-03-22,Kern,California,6029.0,5,0,1.0
2020-03-23,Kern,California,6029.0,5,0,0.0
2020-03-24,Kern,California,6029.0,14,0,9.0
2020-03-25,Kern,California,6029.0,24,0,10.0
2020-03-26,Kern,California,6029.0,33,0,9.0
2020-03-27,Kern,California,6029.0,41,1,8.0
2020-03-28,Kern,California,6029.0,47,1,6.0
2020-03-29,Kern,California,6029.0,51,1,4.0
2020-03-30,Kern,California,6029.0,76,1,25.0
2020-03-31,Kern,California,6029.0,101,1,25.0
2020-04-01,Kern,California,6029.0,110,1,9.0
2020-04-02,Kern,California,6029.0,155,1,45.0
2020-04-03,Kern,California,6029.0,199,2,44.0
2020-04-04,Kern,California,6029.0,205,2,6.0
2020-04-05,Kern,California,6029.0,225,2,20.0
2020-04-06,Kern,California,6029.0,246,2,21.0
2020-04-07,Kern,California,6029.0,267,2,21.0
2020-04-08,Kern,California,6029.0,309,2,42.0
2020-04-09,Kern,California,6029.0,330,3,21.0
2020-04-10,Kern,California,6029.0,363,3,33.0
2020-04-11,Kern,California,6029.0,369,3,6.0
2020-04-12,Kern,California,6029.0,396,3,27.0
2020-04-13,Kern,California,6029.0,454,3,58.0
2020-04-14,Kern,California,6029.0,524,3,70.0
2020-04-15,Kern,California,6029.0,553,3,29.0
2020-04-16,Kern,California,6029.0,553,3,0.0
2020-04-17,Kern,California,6029.0,553,3,0.0
2020-04-18,Kern,California,6029.0,619,3,66.0
2020-04-19,Kern,California,6029.0,623,3,4.0
2020-04-20,Kern,California,6029.0,643,3,20.0
2020-04-21,Kern,California,6029.0,671,3,28.0
2020-04-22,Kern,California,6029.0,671,3,0.0
2020-04-23,Kern,California,6029.0,713,4,42.0
2020-04-24,Kern,California,6029.0,744,4,31.0
2020-04-25,Kern,California,6029.0,764,4,20.0
2020-04-26,Kern,California,6029.0,809,4,45.0
2020-04-27,Kern,California,6029.0,837,5,28.0
2020-04-28,Kern,California,6029.0,865,5,28.0
2020-04-29,Kern,California,6029.0,882,6,17.0
2020-04-30,Kern,California,6029.0,910,7,28.0
2020-05-01,Kern,California,6029.0,941,8,31.0
2020-05-02,Kern,California,6029.0,972,8,31.0
2020-05-03,Kern,California,6029.0,1007,8,35.0
2020-05-04,Kern,California,6029.0,1025,8,18.0
2020-05-05,Kern,California,6029.0,1047,11,22.0
2020-05-06,Kern,California,6029.0,1084,11,37.0
2020-05-07,Kern,California,6029.0,1133,14,49.0
2020-05-08,Kern,California,6029.0,1176,15,43.0
2020-05-09,Kern,California,6029.0,1238,16,62.0
2020-05-10,Kern,California,6029.0,1264,16,26.0
2020-05-11,Kern,California,6029.0,1300,16,36.0
2020-05-12,Kern,California,6029.0,1331,17,31.0
2020-05-13,Kern,California,6029.0,1363,21,32.0
2020-05-14,Kern,California,6029.0,1403,22,40.0
2020-05-15,Kern,California,6029.0,1438,25,35.0
2020-05-16,Kern,California,6029.0,1483,25,45.0
2020-05-17,Kern,California,6029.0,1525,25,42.0
2020-05-18,Kern,California,6029.0,1562,26,37.0
2020-05-19,Kern,California,6029.0,1596,26,34.0
2020-05-20,Kern,California,6029.0,1615,26,19.0
2020-05-21,Kern,California,6029.0,1654,27,39.0
2020-05-22,Kern,California,6029.0,1705,28,51.0
2020-05-23,Kern,California,6029.0,1767,30,62.0
2020-05-24,Kern,California,6029.0,1834,31,67.0
2020-05-25,Kern,California,6029.0,1881,31,47.0
2020-05-26,Kern,California,6029.0,1890,31,9.0
2020-05-27,Kern,California,6029.0,1951,36,61.0
2020-05-28,Kern,California,6029.0,2017,37,66.0
2020-05-29,Kern,California,6029.0,2086,37,69.0
2020-05-30,Kern,California,6029.0,2155,38,69.0
2020-05-31,Kern,California,6029.0,2260,38,105.0
2020-06-01,Kern,California,6029.0,2332,38,72.0
2020-06-02,Kern,California,6029.0,2386,39,54.0
2020-06-03,Kern,California,6029.0,2428,40,42.0
2020-06-04,Kern,California,6029.0,2472,45,44.0
2020-06-05,Kern,California,6029.0,2544,45,72.0
2020-06-06,Kern,California,6029.0,2660,46,116.0
2020-06-07,Kern,California,6029.0,2730,46,70.0
2020-06-08,Kern,California,6029.0,2804,47,74.0
2020-06-09,Kern,California,6029.0,2880,50,76.0
2020-06-10,Kern,California,6029.0,2952,51,72.0
2020-06-11,Kern,California,6029.0,3026,53,74.0
2020-06-12,Kern,California,6029.0,3140,54,114.0
2020-06-13,Kern,California,6029.0,3205,55,65.0
2020-06-14,Kern,California,6029.0,3291,55,86.0
2020-06-15,Kern,California,6029.0,3377,55,86.0
2020-06-16,Kern,California,6029.0,3462,57,85.0
2020-06-17,Kern,California,6029.0,3522,58,60.0
2020-06-18,Kern,California,6029.0,3600,60,78.0
2020-06-19,Kern,California,6029.0,3716,60,116.0
2020-06-20,Kern,California,6029.0,3803,60,87.0
2020-06-21,Kern,California,6029.0,3900,60,97.0
2020-06-22,Kern,California,6029.0,3975,60,75.0
2020-06-23,Kern,California,6029.0,4059,66,84.0
2020-06-24,Kern,California,6029.0,4118,66,59.0
2020-06-25,Kern,California,6029.0,4192,70,74.0
2020-06-26,Kern,California,6029.0,4310,70,118.0
2020-06-27,Kern,California,6029.0,4366,70,56.0
2020-06-28,Kern,California,6029.0,4488,70,122.0
2020-06-29,Kern,California,6029.0,4558,70,70.0
2020-06-30,Kern,California,6029.0,4665,70,107.0
2020-07-01,Kern,California,6029.0,4778,76,113.0
2020-07-02,Kern,California,6029.0,4949,77,171.0
2020-07-03,Kern,California,6029.0,5110,80,161.0
2020-07-04,Kern,California,6029.0,5213,81,103.0
2020-07-05,Kern,California,6029.0,5255,82,42.0
2020-07-06,Kern,California,6029.0,5379,82,124.0
2020-07-07,Kern,California,6029.0,5553,84,174.0
2020-07-08,Kern,California,6029.0,5769,87,216.0
2020-07-09,Kern,California,6029.0,5989,89,220.0
2020-07-10,Kern,California,6029.0,6205,97,216.0
2020-07-11,Kern,California,6029.0,6349,97,144.0
2020-07-12,Kern,California,6029.0,6512,97,163.0
2020-07-13,Kern,California,6029.0,6662,98,150.0
