date,county,state,fips,cases,deaths,new_cases
2020-03-27,Kings,California,6031.0,1,0,1.0
2020-03-28,Kings,California,6031.0,1,0,0.0
2020-03-29,Kings,California,6031.0,2,0,1.0
2020-03-30,Kings,California,6031.0,3,0,1.0
2020-03-31,Kings,California,6031.0,4,0,1.0
2020-04-01,Kings,California,6031.0,4,0,0.0
2020-04-02,Kings,California,6031.0,5,0,1.0
2020-04-03,Kings,California,6031.0,5,0,0.0
2020-04-04,Kings,California,6031.0,5,0,0.0
2020-04-05,Kings,California,6031.0,5,0,0.0
2020-04-06,Kings,California,6031.0,5,0,0.0
2020-04-07,Kings,California,6031.0,5,0,0.0
2020-04-08,Kings,California,6031.0,7,0,2.0
2020-04-09,Kings,California,6031.0,7,0,0.0
2020-04-10,Kings,California,6031.0,9,0,2.0
2020-04-11,Kings,California,6031.0,10,1,1.0
2020-04-12,Kings,California,6031.0,10,1,0.0
2020-04-13,Kings,California,6031.0,12,1,2.0
2020-04-14,Kings,California,6031.0,13,1,1.0
2020-04-15,Kings,California,6031.0,13,1,0.0
2020-04-16,Kings,California,6031.0,18,1,5.0
2020-04-17,Kings,California,6031.0,20,1,2.0
2020-04-18,Kings,California,6031.0,28,1,8.0
2020-04-19,Kings,California,6031.0,30,1,2.0
2020-04-20,Kings,California,6031.0,30,1,0.0
2020-04-21,Kings,California,6031.0,32,1,2.0
2020-04-22,Kings,California,6031.0,32,1,0.0
2020-04-23,Kings,California,6031.0,35,1,3.0
2020-04-24,Kings,California,6031.0,47,1,12.0
2020-04-25,Kings,California,6031.0,52,1,5.0
2020-04-26,Kings,California,6031.0,67,1,15.0
2020-04-27,Kings,California,6031.0,71,1,4.0
2020-04-28,Kings,California,6031.0,79,1,8.0
2020-04-29,Kings,California,6031.0,96,1,17.0
2020-04-30,Kings,California,6031.0,96,1,0.0
2020-05-01,Kings,California,6031.0,123,1,27.0
2020-05-02,Kings,California,6031.0,158,1,35.0
2020-05-03,Kings,California,6031.0,172,1,14.0
2020-05-04,Kings,California,6031.0,172,1,0.0
2020-05-05,Kings,California,6031.0,211,1,39.0
2020-05-06,Kings,California,6031.0,233,1,22.0
2020-05-07,Kings,California,6031.0,244,1,11.0
2020-05-08,Kings,California,6031.0,265,1,21.0
2020-05-09,Kings,California,6031.0,275,1,10.0
2020-05-10,Kings,California,6031.0,287,1,12.0
2020-05-11,Kings,California,6031.0,319,1,32.0
2020-05-12,Kings,California,6031.0,325,1,6.0
2020-05-13,Kings,California,6031.0,348,1,23.0
2020-05-14,Kings,California,6031.0,358,1,10.0
2020-05-15,Kings,California,6031.0,372,2,14.0
2020-05-16,Kings,California,6031.0,392,2,20.0
2020-05-17,Kings,California,6031.0,399,2,7.0
2020-05-18,Kings,California,6031.0,412,2,13.0
2020-05-19,Kings,California,6031.0,416,2,4.0
2020-05-20,Kings,California,6031.0,416,2,0.0
2020-05-21,Kings,California,6031.0,488,2,72.0
2020-05-22,Kings,California,6031.0,506,2,18.0
2020-05-23,Kings,California,6031.0,506,2,0.0
2020-05-24,Kings,California,6031.0,647,2,141.0
2020-05-25,Kings,California,6031.0,688,2,41.0
2020-05-26,Kings,California,6031.0,688,2,0.0
2020-05-27,Kings,California,6031.0,698,3,10.0
2020-05-28,Kings,California,6031.0,704,3,6.0
2020-05-29,Kings,California,6031.0,714,3,10.0
2020-05-30,Kings,California,6031.0,746,4,32.0
2020-05-31,Kings,California,6031.0,1122,5,376.0
2020-06-01,Kings,California,6031.0,1122,5,0.0
2020-06-02,Kings,California,6031.0,1137,5,15.0
2020-06-03,Kings,California,6031.0,1168,6,31.0
2020-06-04,Kings,California,6031.0,1187,6,19.0
2020-06-05,Kings,California,6031.0,1452,6,265.0
2020-06-06,Kings,California,6031.0,1492,6,40.0
2020-06-07,Kings,California,6031.0,1538,6,46.0
2020-06-08,Kings,California,6031.0,1567,6,29.0
2020-06-09,Kings,California,6031.0,1637,6,70.0
2020-06-10,Kings,California,6031.0,1688,6,51.0
2020-06-11,Kings,California,6031.0,1688,6,0.0
2020-06-12,Kings,California,6031.0,1724,6,36.0
2020-06-13,Kings,California,6031.0,1759,6,35.0
2020-06-14,Kings,California,6031.0,1805,6,46.0
2020-06-15,Kings,California,6031.0,1831,8,26.0
2020-06-16,Kings,California,6031.0,1870,9,39.0
2020-06-17,Kings,California,6031.0,1940,10,70.0
2020-06-18,Kings,California,6031.0,1976,10,36.0
2020-06-19,Kings,California,6031.0,2057,12,81.0
2020-06-20,Kings,California,6031.0,2091,15,34.0
2020-06-21,Kings,California,6031.0,2091,15,0.0
2020-06-22,Kings,California,6031.0,2093,19,2.0
2020-06-23,Kings,California,6031.0,2186,20,93.0
2020-06-24,Kings,California,6031.0,2234,20,48.0
2020-06-25,Kings,California,6031.0,2284,21,50.0
2020-06-26,Kings,California,6031.0,2298,21,14.0
2020-06-27,Kings,California,6031.0,2318,22,20.0
