date,county,state,fips,cases,deaths,new_cases,new_deaths
2020-03-24,Mono,California,6051.0,2,0,2.0,0.0
2020-03-25,Mono,California,6051.0,4,0,2.0,0.0
2020-03-26,Mono,California,6051.0,6,0,2.0,0.0
2020-03-27,Mono,California,6051.0,8,0,2.0,0.0
2020-03-28,Mono,California,6051.0,8,0,0.0,0.0
2020-03-29,Mono,California,6051.0,11,0,3.0,0.0
2020-03-30,Mono,California,6051.0,13,0,2.0,0.0
2020-03-31,Mono,California,6051.0,13,1,0.0,1.0
2020-04-01,Mono,California,6051.0,13,1,0.0,0.0
2020-04-02,Mono,California,6051.0,18,1,5.0,0.0
2020-04-03,Mono,California,6051.0,19,1,1.0,0.0
2020-04-04,Mono,California,6051.0,19,1,0.0,0.0
2020-04-05,Mono,California,6051.0,19,1,0.0,0.0
2020-04-06,Mono,California,6051.0,19,1,0.0,0.0
2020-04-07,Mono,California,6051.0,19,1,0.0,0.0
2020-04-08,Mono,California,6051.0,20,1,1.0,0.0
2020-04-09,Mono,California,6051.0,20,1,0.0,0.0
2020-04-10,Mono,California,6051.0,21,1,1.0,0.0
2020-04-11,Mono,California,6051.0,21,1,0.0,0.0
2020-04-12,Mono,California,6051.0,23,1,2.0,0.0
2020-04-13,Mono,California,6051.0,23,1,0.0,0.0
2020-04-14,Mono,California,6051.0,23,1,0.0,0.0
2020-04-15,Mono,California,6051.0,23,1,0.0,0.0
2020-04-16,Mono,California,6051.0,23,1,0.0,0.0
2020-04-17,Mono,California,6051.0,23,1,0.0,0.0
2020-04-18,Mono,California,6051.0,23,1,0.0,0.0
2020-04-19,Mono,California,6051.0,23,1,0.0,0.0
2020-04-20,Mono,California,6051.0,24,1,1.0,0.0
2020-04-21,Mono,California,6051.0,24,1,0.0,0.0
2020-04-22,Mono,California,6051.0,24,1,0.0,0.0
2020-04-23,Mono,California,6051.0,24,1,0.0,0.0
2020-04-24,Mono,California,6051.0,24,1,0.0,0.0
2020-04-25,Mono,California,6051.0,24,1,0.0,0.0
2020-04-26,Mono,California,6051.0,24,1,0.0,0.0
2020-04-27,Mono,California,6051.0,26,1,2.0,0.0
2020-04-28,Mono,California,6051.0,26,1,0.0,0.0
2020-04-29,Mono,California,6051.0,26,1,0.0,0.0
2020-04-30,Mono,California,6051.0,26,1,0.0,0.0
2020-05-01,Mono,California,6051.0,26,1,0.0,0.0
2020-05-02,Mono,California,6051.0,26,1,0.0,0.0
2020-05-03,Mono,California,6051.0,26,1,0.0,0.0
2020-05-04,Mono,California,6051.0,26,1,0.0,0.0
2020-05-05,Mono,California,6051.0,26,1,0.0,0.0
2020-05-06,Mono,California,6051.0,27,1,1.0,0.0
2020-05-07,Mono,California,6051.0,28,1,1.0,0.0
2020-05-08,Mono,California,6051.0,29,1,1.0,0.0
2020-05-09,Mono,California,6051.0,29,1,0.0,0.0
2020-05-10,Mono,California,6051.0,29,1,0.0,0.0
2020-05-11,Mono,California,6051.0,32,1,3.0,0.0
2020-05-12,Mono,California,6051.0,32,1,0.0,0.0
2020-05-13,Mono,California,6051.0,33,1,1.0,0.0
2020-05-14,Mono,California,6051.0,33,1,0.0,0.0
2020-05-15,Mono,California,6051.0,33,1,0.0,0.0
2020-05-16,Mono,California,6051.0,33,1,0.0,0.0
2020-05-17,Mono,California,6051.0,34,1,1.0,0.0
2020-05-18,Mono,California,6051.0,34,1,0.0,0.0
2020-05-19,Mono,California,6051.0,34,1,0.0,0.0
2020-05-20,Mono,California,6051.0,34,1,0.0,0.0
2020-05-21,Mono,California,6051.0,34,1,0.0,0.0
2020-05-22,Mono,California,6051.0,34,1,0.0,0.0
2020-05-23,Mono,California,6051.0,34,1,0.0,0.0
2020-05-24,Mono,California,6051.0,34,1,0.0,0.0
2020-05-25,Mono,California,6051.0,34,1,0.0,0.0
2020-05-26,Mono,California,6051.0,35,1,1.0,0.0
2020-05-27,Mono,California,6051.0,35,1,0.0,0.0
2020-05-28,Mono,California,6051.0,35,1,0.0,0.0
2020-05-29,Mono,California,6051.0,35,1,0.0,0.0
2020-05-30,Mono,California,6051.0,35,1,0.0,0.0
2020-05-31,Mono,California,6051.0,38,1,3.0,0.0
2020-06-01,Mono,California,6051.0,37,1,-1.0,0.0
2020-06-02,Mono,California,6051.0,37,1,0.0,0.0
2020-06-03,Mono,California,6051.0,37,1,0.0,0.0
2020-06-04,Mono,California,6051.0,37,1,0.0,0.0
2020-06-05,Mono,California,6051.0,37,1,0.0,0.0
2020-06-06,Mono,California,6051.0,37,1,0.0,0.0
2020-06-07,Mono,California,6051.0,37,1,0.0,0.0
2020-06-08,Mono,California,6051.0,37,1,0.0,0.0
2020-06-09,Mono,California,6051.0,37,1,0.0,0.0
2020-06-10,Mono,California,6051.0,37,1,0.0,0.0
2020-06-11,Mono,California,6051.0,37,1,0.0,0.0
2020-06-12,Mono,California,6051.0,37,1,0.0,0.0
2020-06-13,Mono,California,6051.0,37,1,0.0,0.0
2020-06-14,Mono,California,6051.0,37,1,0.0,0.0
2020-06-15,Mono,California,6051.0,37,1,0.0,0.0
2020-06-16,Mono,California,6051.0,37,1,0.0,0.0
2020-06-17,Mono,California,6051.0,37,1,0.0,0.0
2020-06-18,Mono,California,6051.0,37,1,0.0,0.0
2020-06-19,Mono,California,6051.0,37,1,0.0,0.0
2020-06-20,Mono,California,6051.0,37,1,0.0,0.0
2020-06-21,Mono,California,6051.0,37,1,0.0,0.0
2020-06-22,Mono,California,6051.0,40,1,3.0,0.0
2020-06-23,Mono,California,6051.0,40,1,0.0,0.0
2020-06-24,Mono,California,6051.0,40,1,0.0,0.0
2020-06-25,Mono,California,6051.0,40,1,0.0,0.0
2020-06-26,Mono,California,6051.0,40,1,0.0,0.0
2020-06-27,Mono,California,6051.0,40,1,0.0,0.0
2020-06-28,Mono,California,6051.0,40,1,0.0,0.0
2020-06-29,Mono,California,6051.0,41,1,1.0,0.0
2020-06-30,Mono,California,6051.0,41,1,0.0,0.0
2020-07-01,Mono,California,6051.0,41,1,0.0,0.0
2020-07-02,Mono,California,6051.0,41,1,0.0,0.0
2020-07-03,Mono,California,6051.0,42,1,1.0,0.0
2020-07-04,Mono,California,6051.0,45,1,3.0,0.0
2020-07-05,Mono,California,6051.0,44,1,-1.0,0.0
2020-07-06,Mono,California,6051.0,48,1,4.0,0.0
2020-07-07,Mono,California,6051.0,48,1,0.0,0.0
2020-07-08,Mono,California,6051.0,49,1,1.0,0.0
2020-07-09,Mono,California,6051.0,49,1,0.0,0.0
2020-07-10,Mono,California,6051.0,49,1,0.0,0.0
2020-07-11,Mono,California,6051.0,50,1,1.0,0.0
2020-07-12,Mono,California,6051.0,51,1,1.0,0.0
2020-07-13,Mono,California,6051.0,52,1,1.0,0.0
2020-07-14,Mono,California,6051.0,52,1,0.0,0.0
2020-07-15,Mono,California,6051.0,54,1,2.0,0.0
2020-07-16,Mono,California,6051.0,63,1,9.0,0.0
2020-07-17,Mono,California,6051.0,74,1,11.0,0.0
2020-07-18,Mono,California,6051.0,76,1,2.0,0.0
2020-07-19,Mono,California,6051.0,79,1,3.0,0.0
2020-07-20,Mono,California,6051.0,84,1,5.0,0.0
2020-07-21,Mono,California,6051.0,84,1,0.0,0.0
2020-07-22,Mono,California,6051.0,91,1,7.0,0.0
2020-07-23,Mono,California,6051.0,101,1,10.0,0.0
2020-07-24,Mono,California,6051.0,107,1,6.0,0.0
2020-07-25,Mono,California,6051.0,111,1,4.0,0.0
2020-07-26,Mono,California,6051.0,112,1,1.0,0.0
2020-07-27,Mono,California,6051.0,118,1,6.0,0.0
2020-07-28,Mono,California,6051.0,117,1,-1.0,0.0
2020-07-29,Mono,California,6051.0,125,1,8.0,0.0
2020-07-30,Mono,California,6051.0,141,1,16.0,0.0
