date,county,state,fips,cases,deaths,new_cases,new_deaths
2020-03-07,Riverside,California,6065.0,1,0,1.0,0.0
2020-03-08,Riverside,California,6065.0,1,0,0.0,0.0
2020-03-09,Riverside,California,6065.0,4,0,3.0,0.0
2020-03-10,Riverside,California,6065.0,4,0,0.0,0.0
2020-03-11,Riverside,California,6065.0,4,0,0.0,0.0
2020-03-12,Riverside,California,6065.0,6,0,2.0,0.0
2020-03-13,Riverside,California,6065.0,10,0,4.0,0.0
2020-03-14,Riverside,California,6065.0,10,0,0.0,0.0
2020-03-15,Riverside,California,6065.0,12,0,2.0,0.0
2020-03-16,Riverside,California,6065.0,14,2,2.0,2.0
2020-03-17,Riverside,California,6065.0,16,3,2.0,1.0
2020-03-18,Riverside,California,6065.0,16,3,0.0,0.0
2020-03-19,Riverside,California,6065.0,22,3,6.0,0.0
2020-03-20,Riverside,California,6065.0,28,4,6.0,1.0
2020-03-21,Riverside,California,6065.0,30,5,2.0,1.0
2020-03-22,Riverside,California,6065.0,45,6,15.0,1.0
2020-03-23,Riverside,California,6065.0,48,6,3.0,0.0
2020-03-24,Riverside,California,6065.0,59,6,11.0,0.0
2020-03-25,Riverside,California,6065.0,107,8,48.0,2.0
2020-03-26,Riverside,California,6065.0,107,8,0.0,0.0
2020-03-27,Riverside,California,6065.0,185,8,78.0,0.0
2020-03-28,Riverside,California,6065.0,185,8,0.0,0.0
2020-03-29,Riverside,California,6065.0,195,8,10.0,0.0
2020-03-30,Riverside,California,6065.0,291,9,96.0,1.0
2020-03-31,Riverside,California,6065.0,371,13,80.0,4.0
2020-04-01,Riverside,California,6065.0,371,13,0.0,0.0
2020-04-02,Riverside,California,6065.0,493,14,122.0,1.0
2020-04-03,Riverside,California,6065.0,638,15,145.0,1.0
2020-04-04,Riverside,California,6065.0,665,18,27.0,3.0
2020-04-05,Riverside,California,6065.0,799,19,134.0,1.0
2020-04-06,Riverside,California,6065.0,946,25,147.0,6.0
2020-04-07,Riverside,California,6065.0,1016,28,70.0,3.0
2020-04-08,Riverside,California,6065.0,1179,32,163.0,4.0
2020-04-09,Riverside,California,6065.0,1280,33,101.0,1.0
2020-04-10,Riverside,California,6065.0,1350,39,70.0,6.0
2020-04-11,Riverside,California,6065.0,1431,41,81.0,2.0
2020-04-12,Riverside,California,6065.0,1619,41,188.0,0.0
2020-04-13,Riverside,California,6065.0,1751,50,132.0,9.0
2020-04-14,Riverside,California,6065.0,1961,50,210.0,0.0
2020-04-15,Riverside,California,6065.0,2105,54,144.0,4.0
2020-04-16,Riverside,California,6065.0,2264,59,159.0,5.0
2020-04-17,Riverside,California,6065.0,2457,69,193.0,10.0
2020-04-18,Riverside,California,6065.0,2602,74,145.0,5.0
2020-04-19,Riverside,California,6065.0,2638,75,36.0,1.0
2020-04-20,Riverside,California,6065.0,2847,85,209.0,10.0
2020-04-21,Riverside,California,6065.0,2960,93,113.0,8.0
2020-04-22,Riverside,California,6065.0,3084,99,124.0,6.0
2020-04-23,Riverside,California,6065.0,3218,109,134.0,10.0
2020-04-24,Riverside,California,6065.0,3315,112,97.0,3.0
2020-04-25,Riverside,California,6065.0,3409,117,94.0,5.0
2020-04-26,Riverside,California,6065.0,3563,118,154.0,1.0
2020-04-27,Riverside,California,6065.0,3643,141,80.0,23.0
2020-04-28,Riverside,California,6065.0,3735,141,92.0,0.0
2020-04-29,Riverside,California,6065.0,3942,143,207.0,2.0
2020-04-30,Riverside,California,6065.0,4031,149,89.0,6.0
2020-05-01,Riverside,California,6065.0,4079,156,48.0,7.0
2020-05-02,Riverside,California,6065.0,4164,167,85.0,11.0
2020-05-03,Riverside,California,6065.0,4180,167,16.0,0.0
2020-05-04,Riverside,California,6065.0,4354,181,174.0,14.0
2020-05-05,Riverside,California,6065.0,4454,184,100.0,3.0
2020-05-06,Riverside,California,6065.0,4672,190,218.0,6.0
2020-05-07,Riverside,California,6065.0,4756,194,84.0,4.0
2020-05-08,Riverside,California,6065.0,4817,204,61.0,10.0
2020-05-09,Riverside,California,6065.0,4992,210,175.0,6.0
2020-05-10,Riverside,California,6065.0,5039,212,47.0,2.0
2020-05-11,Riverside,California,6065.0,5189,217,150.0,5.0
2020-05-12,Riverside,California,6065.0,5248,228,59.0,11.0
2020-05-13,Riverside,California,6065.0,5343,238,95.0,10.0
2020-05-14,Riverside,California,6065.0,5440,246,97.0,8.0
2020-05-15,Riverside,California,6065.0,5618,249,178.0,3.0
2020-05-16,Riverside,California,6065.0,5618,255,0.0,6.0
2020-05-17,Riverside,California,6065.0,5633,259,15.0,4.0
2020-05-18,Riverside,California,6065.0,5952,263,319.0,4.0
2020-05-19,Riverside,California,6065.0,6053,270,101.0,7.0
2020-05-20,Riverside,California,6065.0,6184,274,131.0,4.0
2020-05-21,Riverside,California,6065.0,6343,284,159.0,10.0
2020-05-22,Riverside,California,6065.0,6464,290,121.0,6.0
2020-05-23,Riverside,California,6065.0,6464,298,0.0,8.0
2020-05-24,Riverside,California,6065.0,6464,299,0.0,1.0
2020-05-25,Riverside,California,6065.0,7004,304,540.0,5.0
2020-05-26,Riverside,California,6065.0,7139,309,135.0,5.0
2020-05-27,Riverside,California,6065.0,7252,314,113.0,5.0
2020-05-28,Riverside,California,6065.0,7341,320,89.0,6.0
2020-05-29,Riverside,California,6065.0,7486,331,145.0,11.0
2020-05-30,Riverside,California,6065.0,7486,339,0.0,8.0
2020-05-31,Riverside,California,6065.0,7492,339,6.0,0.0
2020-06-01,Riverside,California,6065.0,7982,344,490.0,5.0
2020-06-02,Riverside,California,6065.0,8155,344,173.0,0.0
2020-06-03,Riverside,California,6065.0,8303,345,148.0,1.0
2020-06-04,Riverside,California,6065.0,8303,345,0.0,0.0
2020-06-05,Riverside,California,6065.0,8777,355,474.0,10.0
2020-06-06,Riverside,California,6065.0,8777,355,0.0,0.0
2020-06-07,Riverside,California,6065.0,8935,355,158.0,0.0
2020-06-08,Riverside,California,6065.0,9206,356,271.0,1.0
2020-06-09,Riverside,California,6065.0,9590,365,384.0,9.0
2020-06-10,Riverside,California,6065.0,9911,372,321.0,7.0
2020-06-11,Riverside,California,6065.0,10240,380,329.0,8.0
2020-06-12,Riverside,California,6065.0,10490,383,250.0,3.0
2020-06-13,Riverside,California,6065.0,10616,383,126.0,0.0
2020-06-14,Riverside,California,6065.0,10931,383,315.0,0.0
2020-06-15,Riverside,California,6065.0,11285,384,354.0,1.0
2020-06-16,Riverside,California,6065.0,11694,395,409.0,11.0
2020-06-17,Riverside,California,6065.0,11951,399,257.0,4.0
2020-06-18,Riverside,California,6065.0,12467,408,516.0,9.0
2020-06-19,Riverside,California,6065.0,12778,410,311.0,2.0
2020-06-20,Riverside,California,6065.0,12778,410,0.0,0.0
2020-06-21,Riverside,California,6065.0,13021,410,243.0,0.0
2020-06-22,Riverside,California,6065.0,13800,424,779.0,14.0
2020-06-23,Riverside,California,6065.0,14431,431,631.0,7.0
2020-06-24,Riverside,California,6065.0,14905,432,474.0,1.0
2020-06-25,Riverside,California,6065.0,15142,435,237.0,3.0
2020-06-26,Riverside,California,6065.0,15643,438,501.0,3.0
2020-06-27,Riverside,California,6065.0,15858,438,215.0,0.0
2020-06-28,Riverside,California,6065.0,16209,438,351.0,0.0
2020-06-29,Riverside,California,6065.0,16848,440,639.0,2.0
2020-06-30,Riverside,California,6065.0,17683,457,835.0,17.0
2020-07-01,Riverside,California,6065.0,18656,463,973.0,6.0
2020-07-02,Riverside,California,6065.0,19537,465,881.0,2.0
2020-07-03,Riverside,California,6065.0,20253,479,716.0,14.0
2020-07-04,Riverside,California,6065.0,21171,479,918.0,0.0
2020-07-05,Riverside,California,6065.0,21508,479,337.0,0.0
2020-07-06,Riverside,California,6065.0,21511,486,3.0,7.0
2020-07-07,Riverside,California,6065.0,22485,506,974.0,20.0
2020-07-08,Riverside,California,6065.0,23279,515,794.0,9.0
2020-07-09,Riverside,California,6065.0,24042,533,763.0,18.0
2020-07-10,Riverside,California,6065.0,24980,537,938.0,4.0
2020-07-11,Riverside,California,6065.0,25481,537,501.0,0.0
2020-07-12,Riverside,California,6065.0,25994,537,513.0,0.0
2020-07-13,Riverside,California,6065.0,26404,550,410.0,13.0
2020-07-14,Riverside,California,6065.0,27136,553,732.0,3.0
2020-07-15,Riverside,California,6065.0,27850,577,714.0,24.0
2020-07-16,Riverside,California,6065.0,28492,585,642.0,8.0
2020-07-17,Riverside,California,6065.0,28904,587,412.0,2.0
2020-07-18,Riverside,California,6065.0,29639,587,735.0,0.0
2020-07-19,Riverside,California,6065.0,30245,587,606.0,0.0
2020-07-20,Riverside,California,6065.0,30340,588,95.0,1.0
2020-07-21,Riverside,California,6065.0,31163,589,823.0,1.0
2020-07-22,Riverside,California,6065.0,32231,617,1068.0,28.0
2020-07-23,Riverside,California,6065.0,33093,637,862.0,20.0
2020-07-24,Riverside,California,6065.0,33833,637,740.0,0.0
2020-07-25,Riverside,California,6065.0,34513,637,680.0,0.0
2020-07-26,Riverside,California,6065.0,34921,637,408.0,0.0
2020-07-27,Riverside,California,6065.0,35636,671,715.0,34.0
2020-07-28,Riverside,California,6065.0,35910,672,274.0,1.0
2020-07-29,Riverside,California,6065.0,36458,682,548.0,10.0
2020-07-30,Riverside,California,6065.0,36968,688,510.0,6.0
2020-07-31,Riverside,California,6065.0,37308,695,340.0,7.0
2020-08-01,Riverside,California,6065.0,37612,695,304.0,0.0
2020-08-02,Riverside,California,6065.0,38216,695,604.0,0.0
2020-08-03,Riverside,California,6065.0,38507,737,291.0,42.0
2020-08-04,Riverside,California,6065.0,38642,738,135.0,1.0
2020-08-05,Riverside,California,6065.0,38991,752,349.0,14.0
2020-08-06,Riverside,California,6065.0,39741,770,750.0,18.0
2020-08-07,Riverside,California,6065.0,40452,799,711.0,29.0
2020-08-08,Riverside,California,6065.0,40902,799,450.0,0.0
2020-08-09,Riverside,California,6065.0,41412,799,510.0,0.0
2020-08-10,Riverside,California,6065.0,41983,820,571.0,21.0
2020-08-11,Riverside,California,6065.0,43376,824,1393.0,4.0
2020-08-12,Riverside,California,6065.0,44237,853,861.0,29.0
2020-08-13,Riverside,California,6065.0,44747,879,510.0,26.0
2020-08-14,Riverside,California,6065.0,45662,881,915.0,2.0
2020-08-15,Riverside,California,6065.0,46456,881,794.0,0.0
2020-08-16,Riverside,California,6065.0,46720,881,264.0,0.0
