date,county,state,fips,cases,deaths,new_cases
2020-03-02,San Mateo,California,6081.0,1,0,1.0
2020-03-03,San Mateo,California,6081.0,1,0,0.0
2020-03-04,San Mateo,California,6081.0,1,0,0.0
2020-03-05,San Mateo,California,6081.0,1,0,0.0
2020-03-06,San Mateo,California,6081.0,1,0,0.0
2020-03-07,San Mateo,California,6081.0,1,0,0.0
2020-03-08,San Mateo,California,6081.0,1,0,0.0
2020-03-09,San Mateo,California,6081.0,9,0,8.0
2020-03-10,San Mateo,California,6081.0,9,0,0.0
2020-03-11,San Mateo,California,6081.0,15,0,6.0
2020-03-12,San Mateo,California,6081.0,20,0,5.0
2020-03-13,San Mateo,California,6081.0,20,0,0.0
2020-03-14,San Mateo,California,6081.0,32,0,12.0
2020-03-15,San Mateo,California,6081.0,32,1,0.0
2020-03-16,San Mateo,California,6081.0,42,1,10.0
2020-03-17,San Mateo,California,6081.0,64,1,22.0
2020-03-18,San Mateo,California,6081.0,80,1,16.0
2020-03-19,San Mateo,California,6081.0,89,1,9.0
2020-03-20,San Mateo,California,6081.0,100,1,11.0
2020-03-21,San Mateo,California,6081.0,110,1,10.0
2020-03-22,San Mateo,California,6081.0,117,1,7.0
2020-03-23,San Mateo,California,6081.0,142,1,25.0
2020-03-24,San Mateo,California,6081.0,161,1,19.0
2020-03-25,San Mateo,California,6081.0,165,5,4.0
2020-03-26,San Mateo,California,6081.0,195,5,30.0
2020-03-27,San Mateo,California,6081.0,239,6,44.0
2020-03-28,San Mateo,California,6081.0,274,6,35.0
2020-03-29,San Mateo,California,6081.0,277,6,3.0
2020-03-30,San Mateo,California,6081.0,309,6,32.0
2020-03-31,San Mateo,California,6081.0,309,10,0.0
2020-04-01,San Mateo,California,6081.0,388,10,79.0
2020-04-02,San Mateo,California,6081.0,453,10,65.0
2020-04-03,San Mateo,California,6081.0,486,13,33.0
2020-04-04,San Mateo,California,6081.0,538,13,52.0
2020-04-05,San Mateo,California,6081.0,555,13,17.0
2020-04-06,San Mateo,California,6081.0,579,13,24.0
2020-04-07,San Mateo,California,6081.0,589,21,10.0
2020-04-08,San Mateo,California,6081.0,617,21,28.0
2020-04-09,San Mateo,California,6081.0,633,21,16.0
2020-04-10,San Mateo,California,6081.0,638,21,5.0
2020-04-11,San Mateo,California,6081.0,652,21,14.0
2020-04-12,San Mateo,California,6081.0,652,21,0.0
2020-04-13,San Mateo,California,6081.0,701,21,49.0
2020-04-14,San Mateo,California,6081.0,747,21,46.0
2020-04-15,San Mateo,California,6081.0,767,28,20.0
2020-04-16,San Mateo,California,6081.0,767,28,0.0
2020-04-17,San Mateo,California,6081.0,797,28,30.0
2020-04-18,San Mateo,California,6081.0,838,28,41.0
2020-04-19,San Mateo,California,6081.0,838,28,0.0
2020-04-20,San Mateo,California,6081.0,920,28,82.0
2020-04-21,San Mateo,California,6081.0,935,28,15.0
2020-04-22,San Mateo,California,6081.0,958,39,23.0
2020-04-23,San Mateo,California,6081.0,966,39,8.0
2020-04-24,San Mateo,California,6081.0,989,41,23.0
2020-04-25,San Mateo,California,6081.0,1019,41,30.0
2020-04-26,San Mateo,California,6081.0,1019,41,0.0
2020-04-27,San Mateo,California,6081.0,1080,46,61.0
2020-04-28,San Mateo,California,6081.0,1099,48,19.0
2020-04-29,San Mateo,California,6081.0,1136,48,37.0
2020-04-30,San Mateo,California,6081.0,1177,50,41.0
2020-05-01,San Mateo,California,6081.0,1197,52,20.0
2020-05-02,San Mateo,California,6081.0,1233,52,36.0
2020-05-03,San Mateo,California,6081.0,1272,52,39.0
2020-05-04,San Mateo,California,6081.0,1281,53,9.0
2020-05-05,San Mateo,California,6081.0,1315,53,34.0
2020-05-06,San Mateo,California,6081.0,1341,56,26.0
2020-05-07,San Mateo,California,6081.0,1377,56,36.0
2020-05-08,San Mateo,California,6081.0,1398,57,21.0
2020-05-09,San Mateo,California,6081.0,1425,62,27.0
2020-05-10,San Mateo,California,6081.0,1453,65,28.0
2020-05-11,San Mateo,California,6081.0,1464,65,11.0
2020-05-12,San Mateo,California,6081.0,1499,65,35.0
2020-05-13,San Mateo,California,6081.0,1533,66,34.0
2020-05-14,San Mateo,California,6081.0,1550,66,17.0
2020-05-15,San Mateo,California,6081.0,1588,66,38.0
2020-05-16,San Mateo,California,6081.0,1612,67,24.0
2020-05-17,San Mateo,California,6081.0,1652,68,40.0
2020-05-18,San Mateo,California,6081.0,1680,68,28.0
2020-05-19,San Mateo,California,6081.0,1701,68,21.0
2020-05-20,San Mateo,California,6081.0,1704,75,3.0
2020-05-21,San Mateo,California,6081.0,1739,75,35.0
2020-05-22,San Mateo,California,6081.0,1791,76,52.0
2020-05-23,San Mateo,California,6081.0,1847,76,56.0
2020-05-24,San Mateo,California,6081.0,1862,76,15.0
2020-05-25,San Mateo,California,6081.0,1925,76,63.0
2020-05-26,San Mateo,California,6081.0,1938,82,13.0
2020-05-27,San Mateo,California,6081.0,1967,82,29.0
2020-05-28,San Mateo,California,6081.0,2045,82,78.0
2020-05-29,San Mateo,California,6081.0,2070,84,25.0
2020-05-30,San Mateo,California,6081.0,2104,84,34.0
2020-05-31,San Mateo,California,6081.0,2129,84,25.0
2020-06-01,San Mateo,California,6081.0,2169,84,40.0
2020-06-02,San Mateo,California,6081.0,2190,84,21.0
2020-06-03,San Mateo,California,6081.0,2212,84,22.0
2020-06-04,San Mateo,California,6081.0,2244,84,32.0
2020-06-05,San Mateo,California,6081.0,2299,84,55.0
2020-06-06,San Mateo,California,6081.0,2331,88,32.0
2020-06-07,San Mateo,California,6081.0,2342,88,11.0
2020-06-08,San Mateo,California,6081.0,2399,88,57.0
2020-06-09,San Mateo,California,6081.0,2437,93,38.0
2020-06-10,San Mateo,California,6081.0,2475,93,38.0
2020-06-11,San Mateo,California,6081.0,2494,93,19.0
2020-06-12,San Mateo,California,6081.0,2533,99,39.0
2020-06-13,San Mateo,California,6081.0,2553,99,20.0
2020-06-14,San Mateo,California,6081.0,2553,99,0.0
2020-06-15,San Mateo,California,6081.0,2571,99,18.0
2020-06-16,San Mateo,California,6081.0,2591,99,20.0
2020-06-17,San Mateo,California,6081.0,2618,99,27.0
2020-06-18,San Mateo,California,6081.0,2649,99,31.0
2020-06-19,San Mateo,California,6081.0,2674,103,25.0
2020-06-20,San Mateo,California,6081.0,2713,103,39.0
2020-06-21,San Mateo,California,6081.0,2755,103,42.0
2020-06-22,San Mateo,California,6081.0,2781,103,26.0
2020-06-23,San Mateo,California,6081.0,2813,104,32.0
2020-06-24,San Mateo,California,6081.0,2907,104,94.0
2020-06-25,San Mateo,California,6081.0,2964,104,57.0
2020-06-26,San Mateo,California,6081.0,2996,106,32.0
2020-06-27,San Mateo,California,6081.0,3055,106,59.0
2020-06-28,San Mateo,California,6081.0,3083,106,28.0
