date,county,state,fips,cases,deaths,new_cases,new_deaths
2020-03-10,San Joaquin,California,6077.0,1,0,1.0,0.0
2020-03-11,San Joaquin,California,6077.0,1,0,0.0,0.0
2020-03-12,San Joaquin,California,6077.0,3,0,2.0,0.0
2020-03-13,San Joaquin,California,6077.0,8,0,5.0,0.0
2020-03-14,San Joaquin,California,6077.0,8,0,0.0,0.0
2020-03-15,San Joaquin,California,6077.0,8,0,0.0,0.0
2020-03-16,San Joaquin,California,6077.0,9,0,1.0,0.0
2020-03-17,San Joaquin,California,6077.0,13,0,4.0,0.0
2020-03-18,San Joaquin,California,6077.0,14,2,1.0,2.0
2020-03-19,San Joaquin,California,6077.0,17,2,3.0,0.0
2020-03-20,San Joaquin,California,6077.0,25,2,8.0,0.0
2020-03-21,San Joaquin,California,6077.0,31,2,6.0,0.0
2020-03-22,San Joaquin,California,6077.0,41,2,10.0,0.0
2020-03-23,San Joaquin,California,6077.0,51,2,10.0,0.0
2020-03-24,San Joaquin,California,6077.0,60,2,9.0,0.0
2020-03-25,San Joaquin,California,6077.0,71,3,11.0,1.0
2020-03-26,San Joaquin,California,6077.0,83,3,12.0,0.0
2020-03-27,San Joaquin,California,6077.0,93,4,10.0,1.0
2020-03-28,San Joaquin,California,6077.0,108,4,15.0,0.0
2020-03-29,San Joaquin,California,6077.0,121,5,13.0,1.0
2020-03-30,San Joaquin,California,6077.0,136,6,15.0,1.0
2020-03-31,San Joaquin,California,6077.0,151,8,15.0,2.0
2020-04-01,San Joaquin,California,6077.0,161,8,10.0,0.0
2020-04-02,San Joaquin,California,6077.0,178,10,17.0,2.0
2020-04-03,San Joaquin,California,6077.0,185,11,7.0,1.0
2020-04-04,San Joaquin,California,6077.0,191,11,6.0,0.0
2020-04-05,San Joaquin,California,6077.0,203,11,12.0,0.0
2020-04-06,San Joaquin,California,6077.0,212,11,9.0,0.0
2020-04-07,San Joaquin,California,6077.0,223,13,11.0,2.0
2020-04-08,San Joaquin,California,6077.0,237,14,14.0,1.0
2020-04-09,San Joaquin,California,6077.0,245,14,8.0,0.0
2020-04-10,San Joaquin,California,6077.0,257,14,12.0,0.0
2020-04-11,San Joaquin,California,6077.0,260,15,3.0,1.0
2020-04-12,San Joaquin,California,6077.0,273,16,13.0,1.0
2020-04-13,San Joaquin,California,6077.0,309,17,36.0,1.0
2020-04-14,San Joaquin,California,6077.0,335,17,26.0,0.0
2020-04-15,San Joaquin,California,6077.0,364,17,29.0,0.0
2020-04-16,San Joaquin,California,6077.0,369,17,5.0,0.0
2020-04-17,San Joaquin,California,6077.0,398,17,29.0,0.0
2020-04-18,San Joaquin,California,6077.0,410,17,12.0,0.0
2020-04-19,San Joaquin,California,6077.0,418,17,8.0,0.0
2020-04-20,San Joaquin,California,6077.0,446,18,28.0,1.0
2020-04-21,San Joaquin,California,6077.0,456,20,10.0,2.0
2020-04-22,San Joaquin,California,6077.0,472,20,16.0,0.0
2020-04-23,San Joaquin,California,6077.0,487,22,15.0,2.0
2020-04-24,San Joaquin,California,6077.0,495,24,8.0,2.0
2020-04-25,San Joaquin,California,6077.0,507,25,12.0,1.0
2020-04-26,San Joaquin,California,6077.0,523,25,16.0,0.0
2020-04-27,San Joaquin,California,6077.0,527,25,4.0,0.0
2020-04-28,San Joaquin,California,6077.0,529,25,2.0,0.0
2020-04-29,San Joaquin,California,6077.0,540,25,11.0,0.0
2020-04-30,San Joaquin,California,6077.0,543,25,3.0,0.0
2020-05-01,San Joaquin,California,6077.0,557,25,14.0,0.0
2020-05-02,San Joaquin,California,6077.0,560,25,3.0,0.0
2020-05-03,San Joaquin,California,6077.0,570,25,10.0,0.0
2020-05-04,San Joaquin,California,6077.0,574,26,4.0,1.0
2020-05-05,San Joaquin,California,6077.0,578,26,4.0,0.0
2020-05-06,San Joaquin,California,6077.0,579,27,1.0,1.0
2020-05-07,San Joaquin,California,6077.0,581,28,2.0,1.0
2020-05-08,San Joaquin,California,6077.0,597,28,16.0,0.0
2020-05-09,San Joaquin,California,6077.0,605,28,8.0,0.0
2020-05-10,San Joaquin,California,6077.0,612,29,7.0,1.0
2020-05-11,San Joaquin,California,6077.0,621,29,9.0,0.0
2020-05-12,San Joaquin,California,6077.0,629,30,8.0,1.0
2020-05-13,San Joaquin,California,6077.0,638,31,9.0,1.0
2020-05-14,San Joaquin,California,6077.0,644,31,6.0,0.0
2020-05-15,San Joaquin,California,6077.0,659,31,15.0,0.0
2020-05-16,San Joaquin,California,6077.0,670,31,11.0,0.0
2020-05-17,San Joaquin,California,6077.0,689,32,19.0,1.0
2020-05-18,San Joaquin,California,6077.0,699,32,10.0,0.0
2020-05-19,San Joaquin,California,6077.0,709,33,10.0,1.0
2020-05-20,San Joaquin,California,6077.0,716,33,7.0,0.0
2020-05-21,San Joaquin,California,6077.0,733,33,17.0,0.0
2020-05-22,San Joaquin,California,6077.0,752,33,19.0,0.0
2020-05-23,San Joaquin,California,6077.0,752,33,0.0,0.0
2020-05-24,San Joaquin,California,6077.0,759,33,7.0,0.0
2020-05-25,San Joaquin,California,6077.0,760,33,1.0,0.0
2020-05-26,San Joaquin,California,6077.0,771,33,11.0,0.0
2020-05-27,San Joaquin,California,6077.0,834,34,63.0,1.0
2020-05-28,San Joaquin,California,6077.0,842,35,8.0,1.0
2020-05-29,San Joaquin,California,6077.0,858,35,16.0,0.0
2020-05-30,San Joaquin,California,6077.0,858,35,0.0,0.0
2020-05-31,San Joaquin,California,6077.0,888,35,30.0,0.0
2020-06-01,San Joaquin,California,6077.0,908,35,20.0,0.0
2020-06-02,San Joaquin,California,6077.0,982,35,74.0,0.0
2020-06-03,San Joaquin,California,6077.0,1080,35,98.0,0.0
2020-06-04,San Joaquin,California,6077.0,1024,36,-56.0,1.0
2020-06-05,San Joaquin,California,6077.0,1050,36,26.0,0.0
2020-06-06,San Joaquin,California,6077.0,1118,37,68.0,1.0
2020-06-07,San Joaquin,California,6077.0,1161,37,43.0,0.0
2020-06-08,San Joaquin,California,6077.0,1244,37,83.0,0.0
2020-06-09,San Joaquin,California,6077.0,1308,39,64.0,2.0
2020-06-10,San Joaquin,California,6077.0,1358,40,50.0,1.0
2020-06-11,San Joaquin,California,6077.0,1437,42,79.0,2.0
2020-06-12,San Joaquin,California,6077.0,1493,42,56.0,0.0
2020-06-13,San Joaquin,California,6077.0,1547,43,54.0,1.0
2020-06-14,San Joaquin,California,6077.0,1652,43,105.0,0.0
2020-06-15,San Joaquin,California,6077.0,1716,43,64.0,0.0
2020-06-16,San Joaquin,California,6077.0,1749,47,33.0,4.0
2020-06-17,San Joaquin,California,6077.0,1888,47,139.0,0.0
2020-06-18,San Joaquin,California,6077.0,1927,47,39.0,0.0
2020-06-19,San Joaquin,California,6077.0,1926,48,-1.0,1.0
2020-06-20,San Joaquin,California,6077.0,2177,48,251.0,0.0
2020-06-21,San Joaquin,California,6077.0,2259,48,82.0,0.0
2020-06-22,San Joaquin,California,6077.0,2400,48,141.0,0.0
2020-06-23,San Joaquin,California,6077.0,2560,48,160.0,0.0
2020-06-24,San Joaquin,California,6077.0,2742,49,182.0,1.0
2020-06-25,San Joaquin,California,6077.0,2884,49,142.0,0.0
2020-06-26,San Joaquin,California,6077.0,3031,52,147.0,3.0
2020-06-27,San Joaquin,California,6077.0,3093,52,62.0,0.0
2020-06-28,San Joaquin,California,6077.0,3093,52,0.0,0.0
2020-06-29,San Joaquin,California,6077.0,3291,52,198.0,0.0
2020-06-30,San Joaquin,California,6077.0,3856,52,565.0,0.0
2020-07-01,San Joaquin,California,6077.0,3914,54,58.0,2.0
2020-07-02,San Joaquin,California,6077.0,4298,55,384.0,1.0
2020-07-03,San Joaquin,California,6077.0,4474,55,176.0,0.0
2020-07-04,San Joaquin,California,6077.0,4474,55,0.0,0.0
2020-07-05,San Joaquin,California,6077.0,4807,55,333.0,0.0
2020-07-06,San Joaquin,California,6077.0,5015,55,208.0,0.0
2020-07-07,San Joaquin,California,6077.0,5600,58,585.0,3.0
2020-07-08,San Joaquin,California,6077.0,5817,61,217.0,3.0
2020-07-09,San Joaquin,California,6077.0,6065,67,248.0,6.0
2020-07-10,San Joaquin,California,6077.0,6279,68,214.0,1.0
2020-07-11,San Joaquin,California,6077.0,6279,68,0.0,0.0
2020-07-12,San Joaquin,California,6077.0,6518,68,239.0,0.0
2020-07-13,San Joaquin,California,6077.0,6988,70,470.0,2.0
2020-07-14,San Joaquin,California,6077.0,7216,73,228.0,3.0
2020-07-15,San Joaquin,California,6077.0,7428,73,212.0,0.0
2020-07-16,San Joaquin,California,6077.0,7680,81,252.0,8.0
2020-07-17,San Joaquin,California,6077.0,7819,83,139.0,2.0
2020-07-18,San Joaquin,California,6077.0,7925,83,106.0,0.0
2020-07-19,San Joaquin,California,6077.0,8118,83,193.0,0.0
2020-07-20,San Joaquin,California,6077.0,8321,94,203.0,11.0
2020-07-21,San Joaquin,California,6077.0,8799,95,478.0,1.0
2020-07-22,San Joaquin,California,6077.0,9595,98,796.0,3.0
2020-07-23,San Joaquin,California,6077.0,9826,107,231.0,9.0
2020-07-24,San Joaquin,California,6077.0,10126,110,300.0,3.0
