date,county,state,fips,cases,deaths,new_cases
2020-03-15,Santa Barbara,California,6083.0,1,0,1.0
2020-03-16,Santa Barbara,California,6083.0,1,0,0.0
2020-03-17,Santa Barbara,California,6083.0,2,0,1.0
2020-03-18,Santa Barbara,California,6083.0,2,0,0.0
2020-03-19,Santa Barbara,California,6083.0,8,0,6.0
2020-03-20,Santa Barbara,California,6083.0,9,0,1.0
2020-03-21,Santa Barbara,California,6083.0,17,0,8.0
2020-03-22,Santa Barbara,California,6083.0,18,0,1.0
2020-03-23,Santa Barbara,California,6083.0,18,0,0.0
2020-03-24,Santa Barbara,California,6083.0,24,0,6.0
2020-03-25,Santa Barbara,California,6083.0,26,0,2.0
2020-03-26,Santa Barbara,California,6083.0,32,0,6.0
2020-03-27,Santa Barbara,California,6083.0,47,0,15.0
2020-03-28,Santa Barbara,California,6083.0,64,0,17.0
2020-03-29,Santa Barbara,California,6083.0,68,0,4.0
2020-03-30,Santa Barbara,California,6083.0,88,0,20.0
2020-03-31,Santa Barbara,California,6083.0,99,0,11.0
2020-04-01,Santa Barbara,California,6083.0,111,0,12.0
2020-04-02,Santa Barbara,California,6083.0,139,1,28.0
2020-04-03,Santa Barbara,California,6083.0,152,1,13.0
2020-04-04,Santa Barbara,California,6083.0,168,1,16.0
2020-04-05,Santa Barbara,California,6083.0,174,2,6.0
2020-04-06,Santa Barbara,California,6083.0,192,2,18.0
2020-04-07,Santa Barbara,California,6083.0,218,2,26.0
2020-04-08,Santa Barbara,California,6083.0,228,2,10.0
2020-04-09,Santa Barbara,California,6083.0,243,2,15.0
2020-04-10,Santa Barbara,California,6083.0,260,2,17.0
2020-04-11,Santa Barbara,California,6083.0,264,2,4.0
2020-04-12,Santa Barbara,California,6083.0,267,2,3.0
2020-04-13,Santa Barbara,California,6083.0,284,2,17.0
2020-04-14,Santa Barbara,California,6083.0,313,2,29.0
2020-04-15,Santa Barbara,California,6083.0,334,2,21.0
2020-04-16,Santa Barbara,California,6083.0,354,3,20.0
2020-04-17,Santa Barbara,California,6083.0,373,3,19.0
2020-04-18,Santa Barbara,California,6083.0,385,4,12.0
2020-04-19,Santa Barbara,California,6083.0,394,4,9.0
2020-04-20,Santa Barbara,California,6083.0,416,4,22.0
2020-04-21,Santa Barbara,California,6083.0,429,5,13.0
2020-04-22,Santa Barbara,California,6083.0,440,5,11.0
2020-04-23,Santa Barbara,California,6083.0,451,5,11.0
2020-04-24,Santa Barbara,California,6083.0,460,6,9.0
2020-04-25,Santa Barbara,California,6083.0,466,6,6.0
2020-04-26,Santa Barbara,California,6083.0,471,7,5.0
2020-04-27,Santa Barbara,California,6083.0,471,7,0.0
2020-04-28,Santa Barbara,California,6083.0,477,7,6.0
2020-04-29,Santa Barbara,California,6083.0,485,8,8.0
2020-04-30,Santa Barbara,California,6083.0,496,8,11.0
2020-05-01,Santa Barbara,California,6083.0,506,8,10.0
2020-05-02,Santa Barbara,California,6083.0,508,8,2.0
2020-05-03,Santa Barbara,California,6083.0,514,8,6.0
2020-05-04,Santa Barbara,California,6083.0,526,8,12.0
2020-05-05,Santa Barbara,California,6083.0,544,9,18.0
2020-05-06,Santa Barbara,California,6083.0,613,10,69.0
2020-05-07,Santa Barbara,California,6083.0,722,11,109.0
2020-05-08,Santa Barbara,California,6083.0,1032,11,310.0
2020-05-09,Santa Barbara,California,6083.0,1250,11,218.0
2020-05-10,Santa Barbara,California,6083.0,1308,11,58.0
2020-05-11,Santa Barbara,California,6083.0,1362,11,54.0
2020-05-12,Santa Barbara,California,6083.0,1372,11,10.0
2020-05-13,Santa Barbara,California,6083.0,1377,11,5.0
2020-05-14,Santa Barbara,California,6083.0,1382,11,5.0
2020-05-15,Santa Barbara,California,6083.0,1396,11,14.0
2020-05-16,Santa Barbara,California,6083.0,1412,11,16.0
2020-05-17,Santa Barbara,California,6083.0,1468,11,56.0
2020-05-18,Santa Barbara,California,6083.0,1489,11,21.0
2020-05-19,Santa Barbara,California,6083.0,1509,11,20.0
2020-05-20,Santa Barbara,California,6083.0,1521,11,12.0
2020-05-21,Santa Barbara,California,6083.0,1533,11,12.0
2020-05-22,Santa Barbara,California,6083.0,1544,11,11.0
2020-05-23,Santa Barbara,California,6083.0,1554,12,10.0
2020-05-24,Santa Barbara,California,6083.0,1566,12,12.0
2020-05-25,Santa Barbara,California,6083.0,1573,12,7.0
2020-05-26,Santa Barbara,California,6083.0,1597,12,24.0
2020-05-27,Santa Barbara,California,6083.0,1616,12,19.0
2020-05-28,Santa Barbara,California,6083.0,1629,12,13.0
2020-05-29,Santa Barbara,California,6083.0,1642,12,13.0
2020-05-30,Santa Barbara,California,6083.0,1656,12,14.0
2020-05-31,Santa Barbara,California,6083.0,1660,12,4.0
2020-06-01,Santa Barbara,California,6083.0,1662,12,2.0
2020-06-02,Santa Barbara,California,6083.0,1686,12,24.0
2020-06-03,Santa Barbara,California,6083.0,1708,14,22.0
2020-06-04,Santa Barbara,California,6083.0,1729,14,21.0
2020-06-05,Santa Barbara,California,6083.0,1779,14,50.0
2020-06-06,Santa Barbara,California,6083.0,1795,15,16.0
2020-06-07,Santa Barbara,California,6083.0,1815,15,20.0
2020-06-08,Santa Barbara,California,6083.0,1818,15,3.0
2020-06-09,Santa Barbara,California,6083.0,1838,15,20.0
2020-06-10,Santa Barbara,California,6083.0,1855,15,17.0
2020-06-11,Santa Barbara,California,6083.0,1899,16,44.0
2020-06-12,Santa Barbara,California,6083.0,1959,16,60.0
2020-06-13,Santa Barbara,California,6083.0,1969,16,10.0
2020-06-14,Santa Barbara,California,6083.0,1999,18,30.0
2020-06-15,Santa Barbara,California,6083.0,2049,18,50.0
2020-06-16,Santa Barbara,California,6083.0,2100,18,51.0
2020-06-17,Santa Barbara,California,6083.0,2155,21,55.0
2020-06-18,Santa Barbara,California,6083.0,2228,22,73.0
2020-06-19,Santa Barbara,California,6083.0,2293,22,65.0
2020-06-20,Santa Barbara,California,6083.0,2293,22,0.0
2020-06-21,Santa Barbara,California,6083.0,2358,22,65.0
2020-06-22,Santa Barbara,California,6083.0,2430,22,72.0
2020-06-23,Santa Barbara,California,6083.0,2478,27,48.0
2020-06-24,Santa Barbara,California,6083.0,2553,27,75.0
2020-06-25,Santa Barbara,California,6083.0,2591,27,38.0
2020-06-26,Santa Barbara,California,6083.0,2666,28,75.0
2020-06-27,Santa Barbara,California,6083.0,2784,28,118.0
2020-06-28,Santa Barbara,California,6083.0,2831,28,47.0
2020-06-29,Santa Barbara,California,6083.0,2872,28,41.0
2020-06-30,Santa Barbara,California,6083.0,2933,29,61.0
2020-07-01,Santa Barbara,California,6083.0,3164,29,231.0
2020-07-02,Santa Barbara,California,6083.0,3268,29,104.0
2020-07-03,Santa Barbara,California,6083.0,3385,29,117.0
2020-07-04,Santa Barbara,California,6083.0,3406,29,21.0
2020-07-05,Santa Barbara,California,6083.0,3520,29,114.0
2020-07-06,Santa Barbara,California,6083.0,3671,29,151.0
2020-07-07,Santa Barbara,California,6083.0,3763,30,92.0
2020-07-08,Santa Barbara,California,6083.0,3866,30,103.0
2020-07-09,Santa Barbara,California,6083.0,3985,29,119.0
2020-07-10,Santa Barbara,California,6083.0,4068,31,83.0
2020-07-11,Santa Barbara,California,6083.0,4177,31,109.0
2020-07-12,Santa Barbara,California,6083.0,4283,31,106.0
2020-07-13,Santa Barbara,California,6083.0,4353,31,70.0
2020-07-14,Santa Barbara,California,6083.0,4441,31,88.0
2020-07-15,Santa Barbara,California,6083.0,4641,32,200.0
