date,county,state,fips,cases,deaths,new_cases
2020-01-31,Santa Clara,California,6085.0,1,0,1.0
2020-02-01,Santa Clara,California,6085.0,1,0,0.0
2020-02-02,Santa Clara,California,6085.0,2,0,1.0
2020-02-03,Santa Clara,California,6085.0,2,0,0.0
2020-02-04,Santa Clara,California,6085.0,2,0,0.0
2020-02-05,Santa Clara,California,6085.0,2,0,0.0
2020-02-06,Santa Clara,California,6085.0,2,0,0.0
2020-02-07,Santa Clara,California,6085.0,2,0,0.0
2020-02-08,Santa Clara,California,6085.0,2,0,0.0
2020-02-09,Santa Clara,California,6085.0,2,0,0.0
2020-02-10,Santa Clara,California,6085.0,2,0,0.0
2020-02-11,Santa Clara,California,6085.0,2,0,0.0
2020-02-12,Santa Clara,California,6085.0,2,0,0.0
2020-02-13,Santa Clara,California,6085.0,2,0,0.0
2020-02-14,Santa Clara,California,6085.0,2,0,0.0
2020-02-15,Santa Clara,California,6085.0,2,0,0.0
2020-02-16,Santa Clara,California,6085.0,2,0,0.0
2020-02-17,Santa Clara,California,6085.0,2,0,0.0
2020-02-18,Santa Clara,California,6085.0,2,0,0.0
2020-02-19,Santa Clara,California,6085.0,2,0,0.0
2020-02-20,Santa Clara,California,6085.0,2,0,0.0
2020-02-21,Santa Clara,California,6085.0,2,0,0.0
2020-02-22,Santa Clara,California,6085.0,2,0,0.0
2020-02-23,Santa Clara,California,6085.0,2,0,0.0
2020-02-24,Santa Clara,California,6085.0,2,0,0.0
2020-02-25,Santa Clara,California,6085.0,2,0,0.0
2020-02-26,Santa Clara,California,6085.0,2,0,0.0
2020-02-27,Santa Clara,California,6085.0,2,0,0.0
2020-02-28,Santa Clara,California,6085.0,3,0,1.0
2020-02-29,Santa Clara,California,6085.0,4,0,1.0
2020-03-01,Santa Clara,California,6085.0,7,0,3.0
2020-03-02,Santa Clara,California,6085.0,9,0,2.0
2020-03-03,Santa Clara,California,6085.0,11,0,2.0
2020-03-04,Santa Clara,California,6085.0,14,0,3.0
2020-03-05,Santa Clara,California,6085.0,20,0,6.0
2020-03-06,Santa Clara,California,6085.0,24,0,4.0
2020-03-07,Santa Clara,California,6085.0,32,0,8.0
2020-03-08,Santa Clara,California,6085.0,37,0,5.0
2020-03-09,Santa Clara,California,6085.0,43,1,6.0
2020-03-10,Santa Clara,California,6085.0,45,1,2.0
2020-03-11,Santa Clara,California,6085.0,48,1,3.0
2020-03-12,Santa Clara,California,6085.0,66,1,18.0
2020-03-13,Santa Clara,California,6085.0,79,2,13.0
2020-03-14,Santa Clara,California,6085.0,91,2,12.0
2020-03-15,Santa Clara,California,6085.0,114,2,23.0
2020-03-16,Santa Clara,California,6085.0,138,4,24.0
2020-03-17,Santa Clara,California,6085.0,155,5,17.0
2020-03-18,Santa Clara,California,6085.0,175,6,20.0
2020-03-19,Santa Clara,California,6085.0,189,6,14.0
2020-03-20,Santa Clara,California,6085.0,196,8,7.0
2020-03-21,Santa Clara,California,6085.0,263,8,67.0
2020-03-22,Santa Clara,California,6085.0,303,11,40.0
2020-03-23,Santa Clara,California,6085.0,321,11,18.0
2020-03-24,Santa Clara,California,6085.0,375,17,54.0
2020-03-25,Santa Clara,California,6085.0,459,18,84.0
2020-03-26,Santa Clara,California,6085.0,542,20,83.0
2020-03-27,Santa Clara,California,6085.0,574,21,32.0
2020-03-28,Santa Clara,California,6085.0,591,26,17.0
2020-03-29,Santa Clara,California,6085.0,646,26,55.0
2020-03-30,Santa Clara,California,6085.0,848,29,202.0
2020-03-31,Santa Clara,California,6085.0,890,31,42.0
2020-04-01,Santa Clara,California,6085.0,956,33,66.0
2020-04-02,Santa Clara,California,6085.0,1019,37,63.0
2020-04-03,Santa Clara,California,6085.0,1094,39,75.0
2020-04-04,Santa Clara,California,6085.0,1148,40,54.0
2020-04-05,Santa Clara,California,6085.0,1207,40,59.0
2020-04-06,Santa Clara,California,6085.0,1224,40,17.0
2020-04-07,Santa Clara,California,6085.0,1285,44,61.0
2020-04-08,Santa Clara,California,6085.0,1380,47,95.0
2020-04-09,Santa Clara,California,6085.0,1442,48,62.0
2020-04-10,Santa Clara,California,6085.0,1484,50,42.0
2020-04-11,Santa Clara,California,6085.0,1566,52,82.0
2020-04-12,Santa Clara,California,6085.0,1621,54,55.0
2020-04-13,Santa Clara,California,6085.0,1666,61,45.0
2020-04-14,Santa Clara,California,6085.0,1666,61,0.0
2020-04-15,Santa Clara,California,6085.0,1793,66,127.0
2020-04-16,Santa Clara,California,6085.0,1833,70,40.0
2020-04-17,Santa Clara,California,6085.0,1870,74,37.0
2020-04-18,Santa Clara,California,6085.0,1870,74,0.0
2020-04-19,Santa Clara,California,6085.0,1870,74,0.0
2020-04-20,Santa Clara,California,6085.0,1922,84,52.0
2020-04-21,Santa Clara,California,6085.0,1946,89,24.0
2020-04-22,Santa Clara,California,6085.0,1962,95,16.0
2020-04-23,Santa Clara,California,6085.0,1987,96,25.0
2020-04-24,Santa Clara,California,6085.0,2018,99,31.0
2020-04-25,Santa Clara,California,6085.0,2040,100,22.0
2020-04-26,Santa Clara,California,6085.0,2084,101,44.0
2020-04-27,Santa Clara,California,6085.0,2105,104,21.0
2020-04-28,Santa Clara,California,6085.0,2122,107,17.0
2020-04-29,Santa Clara,California,6085.0,2134,108,12.0
2020-04-30,Santa Clara,California,6085.0,2163,112,29.0
2020-05-01,Santa Clara,California,6085.0,2179,114,16.0
2020-05-02,Santa Clara,California,6085.0,2204,115,25.0
2020-05-03,Santa Clara,California,6085.0,2231,116,27.0
2020-05-04,Santa Clara,California,6085.0,2244,118,13.0
2020-05-05,Santa Clara,California,6085.0,2255,122,11.0
2020-05-06,Santa Clara,California,6085.0,2268,122,13.0
2020-05-07,Santa Clara,California,6085.0,2281,122,13.0
2020-05-08,Santa Clara,California,6085.0,2290,129,9.0
2020-05-09,Santa Clara,California,6085.0,2307,131,17.0
2020-05-10,Santa Clara,California,6085.0,2339,131,32.0
2020-05-11,Santa Clara,California,6085.0,2341,131,2.0
2020-05-12,Santa Clara,California,6085.0,2364,134,23.0
2020-05-13,Santa Clara,California,6085.0,2364,134,0.0
2020-05-14,Santa Clara,California,6085.0,2391,136,27.0
2020-05-15,Santa Clara,California,6085.0,2403,136,12.0
2020-05-16,Santa Clara,California,6085.0,2418,137,15.0
2020-05-17,Santa Clara,California,6085.0,2453,137,35.0
2020-05-18,Santa Clara,California,6085.0,2453,137,0.0
2020-05-19,Santa Clara,California,6085.0,2483,138,30.0
2020-05-20,Santa Clara,California,6085.0,2492,140,9.0
2020-05-21,Santa Clara,California,6085.0,2508,140,16.0
2020-05-22,Santa Clara,California,6085.0,2546,140,38.0
2020-05-23,Santa Clara,California,6085.0,2571,140,25.0
2020-05-24,Santa Clara,California,6085.0,2617,140,46.0
2020-05-25,Santa Clara,California,6085.0,2652,140,35.0
2020-05-26,Santa Clara,California,6085.0,2675,141,23.0
2020-05-27,Santa Clara,California,6085.0,2688,141,13.0
2020-05-28,Santa Clara,California,6085.0,2701,142,13.0
2020-05-29,Santa Clara,California,6085.0,2707,142,6.0
2020-05-30,Santa Clara,California,6085.0,2731,142,24.0
2020-05-31,Santa Clara,California,6085.0,2776,142,45.0
2020-06-01,Santa Clara,California,6085.0,2805,145,29.0
2020-06-02,Santa Clara,California,6085.0,2819,145,14.0
2020-06-03,Santa Clara,California,6085.0,2832,145,13.0
2020-06-04,Santa Clara,California,6085.0,2850,145,18.0
2020-06-05,Santa Clara,California,6085.0,2892,145,42.0
2020-06-06,Santa Clara,California,6085.0,2920,145,28.0
2020-06-07,Santa Clara,California,6085.0,2942,145,22.0
2020-06-08,Santa Clara,California,6085.0,2973,146,31.0
2020-06-09,Santa Clara,California,6085.0,3017,150,44.0
2020-06-10,Santa Clara,California,6085.0,3032,150,15.0
2020-06-11,Santa Clara,California,6085.0,3063,150,31.0
2020-06-12,Santa Clara,California,6085.0,3117,151,54.0
2020-06-13,Santa Clara,California,6085.0,3157,151,40.0
2020-06-14,Santa Clara,California,6085.0,3197,152,40.0
2020-06-15,Santa Clara,California,6085.0,3230,152,33.0
2020-06-16,Santa Clara,California,6085.0,3254,153,24.0
2020-06-17,Santa Clara,California,6085.0,3288,153,34.0
2020-06-18,Santa Clara,California,6085.0,3363,153,75.0
2020-06-19,Santa Clara,California,6085.0,3398,153,35.0
2020-06-20,Santa Clara,California,6085.0,3458,153,60.0
2020-06-21,Santa Clara,California,6085.0,3547,155,89.0
2020-06-22,Santa Clara,California,6085.0,3606,155,59.0
2020-06-23,Santa Clara,California,6085.0,3727,155,121.0
2020-06-24,Santa Clara,California,6085.0,3832,156,105.0
2020-06-25,Santa Clara,California,6085.0,3888,156,56.0
2020-06-26,Santa Clara,California,6085.0,3984,156,96.0
2020-06-27,Santa Clara,California,6085.0,3984,156,0.0
