date,county,state,fips,cases,deaths,new_cases,new_deaths
2020-03-09,Shasta,California,6089.0,1,0,1.0,0.0
2020-03-10,Shasta,California,6089.0,1,0,0.0,0.0
2020-03-11,Shasta,California,6089.0,1,0,0.0,0.0
2020-03-12,Shasta,California,6089.0,1,0,0.0,0.0
2020-03-13,Shasta,California,6089.0,1,0,0.0,0.0
2020-03-14,Shasta,California,6089.0,1,0,0.0,0.0
2020-03-15,Shasta,California,6089.0,1,0,0.0,0.0
2020-03-16,Shasta,California,6089.0,1,0,0.0,0.0
2020-03-17,Shasta,California,6089.0,1,0,0.0,0.0
2020-03-18,Shasta,California,6089.0,1,0,0.0,0.0
2020-03-19,Shasta,California,6089.0,1,0,0.0,0.0
2020-03-20,Shasta,California,6089.0,1,0,0.0,0.0
2020-03-21,Shasta,California,6089.0,2,0,1.0,0.0
2020-03-22,Shasta,California,6089.0,2,0,0.0,0.0
2020-03-23,Shasta,California,6089.0,3,0,1.0,0.0
2020-03-24,Shasta,California,6089.0,3,0,0.0,0.0
2020-03-25,Shasta,California,6089.0,3,1,0.0,1.0
2020-03-26,Shasta,California,6089.0,3,1,0.0,0.0
2020-03-27,Shasta,California,6089.0,3,1,0.0,0.0
2020-03-28,Shasta,California,6089.0,3,1,0.0,0.0
2020-03-29,Shasta,California,6089.0,4,1,1.0,0.0
2020-03-30,Shasta,California,6089.0,6,1,2.0,0.0
2020-03-31,Shasta,California,6089.0,6,1,0.0,0.0
2020-04-01,Shasta,California,6089.0,7,1,1.0,0.0
2020-04-02,Shasta,California,6089.0,7,1,0.0,0.0
2020-04-03,Shasta,California,6089.0,11,2,4.0,1.0
2020-04-04,Shasta,California,6089.0,17,2,6.0,0.0
2020-04-05,Shasta,California,6089.0,20,3,3.0,1.0
2020-04-06,Shasta,California,6089.0,21,3,1.0,0.0
2020-04-07,Shasta,California,6089.0,23,3,2.0,0.0
2020-04-08,Shasta,California,6089.0,24,3,1.0,0.0
2020-04-09,Shasta,California,6089.0,24,3,0.0,0.0
2020-04-10,Shasta,California,6089.0,24,3,0.0,0.0
2020-04-11,Shasta,California,6089.0,24,3,0.0,0.0
2020-04-12,Shasta,California,6089.0,24,3,0.0,0.0
2020-04-13,Shasta,California,6089.0,25,3,1.0,0.0
2020-04-14,Shasta,California,6089.0,25,3,0.0,0.0
2020-04-15,Shasta,California,6089.0,25,3,0.0,0.0
2020-04-16,Shasta,California,6089.0,26,3,1.0,0.0
2020-04-17,Shasta,California,6089.0,26,3,0.0,0.0
2020-04-18,Shasta,California,6089.0,26,3,0.0,0.0
2020-04-19,Shasta,California,6089.0,26,3,0.0,0.0
2020-04-20,Shasta,California,6089.0,26,3,0.0,0.0
2020-04-21,Shasta,California,6089.0,26,3,0.0,0.0
2020-04-22,Shasta,California,6089.0,27,3,1.0,0.0
2020-04-23,Shasta,California,6089.0,27,3,0.0,0.0
2020-04-24,Shasta,California,6089.0,30,4,3.0,1.0
2020-04-25,Shasta,California,6089.0,30,4,0.0,0.0
2020-04-26,Shasta,California,6089.0,30,4,0.0,0.0
2020-04-27,Shasta,California,6089.0,30,4,0.0,0.0
2020-04-28,Shasta,California,6089.0,31,4,1.0,0.0
2020-04-29,Shasta,California,6089.0,31,4,0.0,0.0
2020-04-30,Shasta,California,6089.0,31,4,0.0,0.0
2020-05-01,Shasta,California,6089.0,31,4,0.0,0.0
2020-05-02,Shasta,California,6089.0,31,4,0.0,0.0
2020-05-03,Shasta,California,6089.0,31,4,0.0,0.0
2020-05-04,Shasta,California,6089.0,31,4,0.0,0.0
2020-05-05,Shasta,California,6089.0,31,4,0.0,0.0
2020-05-06,Shasta,California,6089.0,31,4,0.0,0.0
2020-05-07,Shasta,California,6089.0,31,4,0.0,0.0
2020-05-08,Shasta,California,6089.0,31,4,0.0,0.0
2020-05-09,Shasta,California,6089.0,31,4,0.0,0.0
2020-05-10,Shasta,California,6089.0,31,4,0.0,0.0
2020-05-11,Shasta,California,6089.0,32,4,1.0,0.0
2020-05-12,Shasta,California,6089.0,32,4,0.0,0.0
2020-05-13,Shasta,California,6089.0,33,4,1.0,0.0
2020-05-14,Shasta,California,6089.0,33,4,0.0,0.0
2020-05-15,Shasta,California,6089.0,33,4,0.0,0.0
2020-05-16,Shasta,California,6089.0,34,4,1.0,0.0
2020-05-17,Shasta,California,6089.0,34,4,0.0,0.0
2020-05-18,Shasta,California,6089.0,34,4,0.0,0.0
2020-05-19,Shasta,California,6089.0,34,4,0.0,0.0
2020-05-20,Shasta,California,6089.0,34,4,0.0,0.0
2020-05-21,Shasta,California,6089.0,34,4,0.0,0.0
2020-05-22,Shasta,California,6089.0,36,4,2.0,0.0
2020-05-23,Shasta,California,6089.0,36,4,0.0,0.0
2020-05-24,Shasta,California,6089.0,36,4,0.0,0.0
2020-05-25,Shasta,California,6089.0,36,4,0.0,0.0
2020-05-26,Shasta,California,6089.0,36,4,0.0,0.0
2020-05-27,Shasta,California,6089.0,37,4,1.0,0.0
2020-05-28,Shasta,California,6089.0,37,4,0.0,0.0
2020-05-29,Shasta,California,6089.0,37,4,0.0,0.0
2020-05-30,Shasta,California,6089.0,39,4,2.0,0.0
2020-05-31,Shasta,California,6089.0,39,4,0.0,0.0
2020-06-01,Shasta,California,6089.0,39,4,0.0,0.0
2020-06-02,Shasta,California,6089.0,40,4,1.0,0.0
2020-06-03,Shasta,California,6089.0,40,4,0.0,0.0
2020-06-04,Shasta,California,6089.0,42,4,2.0,0.0
2020-06-05,Shasta,California,6089.0,42,4,0.0,0.0
2020-06-06,Shasta,California,6089.0,42,4,0.0,0.0
2020-06-07,Shasta,California,6089.0,44,4,2.0,0.0
2020-06-08,Shasta,California,6089.0,46,4,2.0,0.0
2020-06-09,Shasta,California,6089.0,47,4,1.0,0.0
2020-06-10,Shasta,California,6089.0,47,4,0.0,0.0
2020-06-11,Shasta,California,6089.0,48,4,1.0,0.0
2020-06-12,Shasta,California,6089.0,48,5,0.0,1.0
2020-06-13,Shasta,California,6089.0,49,5,1.0,0.0
2020-06-14,Shasta,California,6089.0,50,5,1.0,0.0
2020-06-15,Shasta,California,6089.0,51,5,1.0,0.0
2020-06-16,Shasta,California,6089.0,51,4,0.0,-1.0
2020-06-17,Shasta,California,6089.0,58,4,7.0,0.0
2020-06-18,Shasta,California,6089.0,62,4,4.0,0.0
2020-06-19,Shasta,California,6089.0,76,4,14.0,0.0
2020-06-20,Shasta,California,6089.0,80,4,4.0,0.0
2020-06-21,Shasta,California,6089.0,81,5,1.0,1.0
2020-06-22,Shasta,California,6089.0,86,5,5.0,0.0
2020-06-23,Shasta,California,6089.0,88,5,2.0,0.0
2020-06-24,Shasta,California,6089.0,92,5,4.0,0.0
2020-06-25,Shasta,California,6089.0,96,5,4.0,0.0
2020-06-26,Shasta,California,6089.0,97,5,1.0,0.0
2020-06-27,Shasta,California,6089.0,101,5,4.0,0.0
2020-06-28,Shasta,California,6089.0,105,5,4.0,0.0
2020-06-29,Shasta,California,6089.0,112,5,7.0,0.0
2020-06-30,Shasta,California,6089.0,118,5,6.0,0.0
2020-07-01,Shasta,California,6089.0,129,5,11.0,0.0
2020-07-02,Shasta,California,6089.0,135,5,6.0,0.0
2020-07-03,Shasta,California,6089.0,148,5,13.0,0.0
2020-07-04,Shasta,California,6089.0,148,5,0.0,0.0
2020-07-05,Shasta,California,6089.0,154,5,6.0,0.0
2020-07-06,Shasta,California,6089.0,157,5,3.0,0.0
2020-07-07,Shasta,California,6089.0,163,5,6.0,0.0
2020-07-08,Shasta,California,6089.0,171,5,8.0,0.0
2020-07-09,Shasta,California,6089.0,176,6,5.0,1.0
2020-07-10,Shasta,California,6089.0,187,6,11.0,0.0
2020-07-11,Shasta,California,6089.0,195,6,8.0,0.0
2020-07-12,Shasta,California,6089.0,200,6,5.0,0.0
2020-07-13,Shasta,California,6089.0,203,6,3.0,0.0
2020-07-14,Shasta,California,6089.0,203,6,0.0,0.0
2020-07-15,Shasta,California,6089.0,215,6,12.0,0.0
2020-07-16,Shasta,California,6089.0,220,6,5.0,0.0
2020-07-17,Shasta,California,6089.0,227,7,7.0,1.0
2020-07-18,Shasta,California,6089.0,235,7,8.0,0.0
2020-07-19,Shasta,California,6089.0,242,7,7.0,0.0
2020-07-20,Shasta,California,6089.0,242,7,0.0,0.0
2020-07-21,Shasta,California,6089.0,255,7,13.0,0.0
2020-07-22,Shasta,California,6089.0,268,7,13.0,0.0
2020-07-23,Shasta,California,6089.0,276,7,8.0,0.0
2020-07-24,Shasta,California,6089.0,291,8,15.0,1.0
2020-07-25,Shasta,California,6089.0,291,8,0.0,0.0
2020-07-26,Shasta,California,6089.0,311,8,20.0,0.0
2020-07-27,Shasta,California,6089.0,323,8,12.0,0.0
2020-07-28,Shasta,California,6089.0,339,8,16.0,0.0
2020-07-29,Shasta,California,6089.0,348,8,9.0,0.0
2020-07-30,Shasta,California,6089.0,360,8,12.0,0.0
2020-07-31,Shasta,California,6089.0,369,9,9.0,1.0
2020-08-01,Shasta,California,6089.0,369,9,0.0,0.0
2020-08-02,Shasta,California,6089.0,369,9,0.0,0.0
2020-08-03,Shasta,California,6089.0,390,9,21.0,0.0
2020-08-04,Shasta,California,6089.0,397,9,7.0,0.0
2020-08-05,Shasta,California,6089.0,404,9,7.0,0.0
2020-08-06,Shasta,California,6089.0,411,9,7.0,0.0
2020-08-07,Shasta,California,6089.0,411,9,0.0,0.0
2020-08-08,Shasta,California,6089.0,411,9,0.0,0.0
2020-08-09,Shasta,California,6089.0,411,9,0.0,0.0
2020-08-10,Shasta,California,6089.0,459,10,48.0,1.0
2020-08-11,Shasta,California,6089.0,469,10,10.0,0.0
2020-08-12,Shasta,California,6089.0,476,10,7.0,0.0
2020-08-13,Shasta,California,6089.0,479,10,3.0,0.0
2020-08-14,Shasta,California,6089.0,488,10,9.0,0.0
