date,county,state,fips,cases,deaths,new_cases,new_deaths
2020-03-12,Tulare,California,6107.0,1,0,1.0,0.0
2020-03-13,Tulare,California,6107.0,2,0,1.0,0.0
2020-03-14,Tulare,California,6107.0,3,0,1.0,0.0
2020-03-15,Tulare,California,6107.0,3,0,0.0,0.0
2020-03-16,Tulare,California,6107.0,3,0,0.0,0.0
2020-03-17,Tulare,California,6107.0,3,0,0.0,0.0
2020-03-18,Tulare,California,6107.0,5,0,2.0,0.0
2020-03-19,Tulare,California,6107.0,7,0,2.0,0.0
2020-03-20,Tulare,California,6107.0,11,0,4.0,0.0
2020-03-21,Tulare,California,6107.0,11,0,0.0,0.0
2020-03-22,Tulare,California,6107.0,12,0,1.0,0.0
2020-03-23,Tulare,California,6107.0,16,0,4.0,0.0
2020-03-24,Tulare,California,6107.0,17,0,1.0,0.0
2020-03-25,Tulare,California,6107.0,18,0,1.0,0.0
2020-03-26,Tulare,California,6107.0,20,0,2.0,0.0
2020-03-27,Tulare,California,6107.0,24,0,4.0,0.0
2020-03-28,Tulare,California,6107.0,29,1,5.0,1.0
2020-03-29,Tulare,California,6107.0,35,1,6.0,0.0
2020-03-30,Tulare,California,6107.0,43,1,8.0,0.0
2020-03-31,Tulare,California,6107.0,45,1,2.0,0.0
2020-04-01,Tulare,California,6107.0,59,2,14.0,1.0
2020-04-02,Tulare,California,6107.0,74,2,15.0,0.0
2020-04-03,Tulare,California,6107.0,81,3,7.0,1.0
2020-04-04,Tulare,California,6107.0,107,5,26.0,2.0
2020-04-05,Tulare,California,6107.0,116,5,9.0,0.0
2020-04-06,Tulare,California,6107.0,135,6,19.0,1.0
2020-04-07,Tulare,California,6107.0,157,6,22.0,0.0
2020-04-08,Tulare,California,6107.0,168,7,11.0,1.0
2020-04-09,Tulare,California,6107.0,187,10,19.0,3.0
2020-04-10,Tulare,California,6107.0,203,11,16.0,1.0
2020-04-11,Tulare,California,6107.0,227,11,24.0,0.0
2020-04-12,Tulare,California,6107.0,227,11,0.0,0.0
2020-04-13,Tulare,California,6107.0,264,13,37.0,2.0
2020-04-14,Tulare,California,6107.0,296,13,32.0,0.0
2020-04-15,Tulare,California,6107.0,352,15,56.0,2.0
2020-04-16,Tulare,California,6107.0,372,17,20.0,2.0
2020-04-17,Tulare,California,6107.0,382,17,10.0,0.0
2020-04-18,Tulare,California,6107.0,397,17,15.0,0.0
2020-04-19,Tulare,California,6107.0,411,17,14.0,0.0
2020-04-20,Tulare,California,6107.0,422,18,11.0,1.0
2020-04-21,Tulare,California,6107.0,436,22,14.0,4.0
2020-04-22,Tulare,California,6107.0,441,25,5.0,3.0
2020-04-23,Tulare,California,6107.0,453,25,12.0,0.0
2020-04-24,Tulare,California,6107.0,472,28,19.0,3.0
2020-04-25,Tulare,California,6107.0,491,32,19.0,4.0
2020-04-26,Tulare,California,6107.0,504,32,13.0,0.0
2020-04-27,Tulare,California,6107.0,532,32,28.0,0.0
2020-04-28,Tulare,California,6107.0,578,35,46.0,3.0
2020-04-29,Tulare,California,6107.0,626,36,48.0,1.0
2020-04-30,Tulare,California,6107.0,640,40,14.0,4.0
2020-05-01,Tulare,California,6107.0,680,40,40.0,0.0
2020-05-02,Tulare,California,6107.0,720,40,40.0,0.0
2020-05-03,Tulare,California,6107.0,743,40,23.0,0.0
2020-05-04,Tulare,California,6107.0,757,40,14.0,0.0
2020-05-05,Tulare,California,6107.0,858,40,101.0,0.0
2020-05-06,Tulare,California,6107.0,916,41,58.0,1.0
2020-05-07,Tulare,California,6107.0,969,43,53.0,2.0
2020-05-08,Tulare,California,6107.0,1013,44,44.0,1.0
2020-05-09,Tulare,California,6107.0,1079,46,66.0,2.0
2020-05-10,Tulare,California,6107.0,1140,48,61.0,2.0
2020-05-11,Tulare,California,6107.0,1159,50,19.0,2.0
2020-05-12,Tulare,California,6107.0,1241,52,82.0,2.0
2020-05-13,Tulare,California,6107.0,1268,54,27.0,2.0
2020-05-14,Tulare,California,6107.0,1295,54,27.0,0.0
2020-05-15,Tulare,California,6107.0,1338,64,43.0,10.0
2020-05-16,Tulare,California,6107.0,1426,67,88.0,3.0
2020-05-17,Tulare,California,6107.0,1430,67,4.0,0.0
2020-05-18,Tulare,California,6107.0,1436,67,6.0,0.0
2020-05-19,Tulare,California,6107.0,1539,71,103.0,4.0
2020-05-20,Tulare,California,6107.0,1552,73,13.0,2.0
2020-05-21,Tulare,California,6107.0,1603,74,51.0,1.0
2020-05-22,Tulare,California,6107.0,1641,75,38.0,1.0
2020-05-23,Tulare,California,6107.0,1662,75,21.0,0.0
2020-05-24,Tulare,California,6107.0,1682,75,20.0,0.0
2020-05-25,Tulare,California,6107.0,1684,75,2.0,0.0
2020-05-26,Tulare,California,6107.0,1771,79,87.0,4.0
2020-05-27,Tulare,California,6107.0,1796,79,25.0,0.0
2020-05-28,Tulare,California,6107.0,1835,80,39.0,1.0
2020-05-29,Tulare,California,6107.0,1844,84,9.0,4.0
2020-05-30,Tulare,California,6107.0,1852,84,8.0,0.0
2020-05-31,Tulare,California,6107.0,1879,84,27.0,0.0
2020-06-01,Tulare,California,6107.0,1897,89,18.0,5.0
2020-06-02,Tulare,California,6107.0,2004,89,107.0,0.0
2020-06-03,Tulare,California,6107.0,2026,90,22.0,1.0
2020-06-04,Tulare,California,6107.0,2083,92,57.0,2.0
2020-06-05,Tulare,California,6107.0,2116,92,33.0,0.0
2020-06-06,Tulare,California,6107.0,2180,92,64.0,0.0
2020-06-07,Tulare,California,6107.0,2213,92,33.0,0.0
2020-06-08,Tulare,California,6107.0,2220,94,7.0,2.0
2020-06-09,Tulare,California,6107.0,2381,94,161.0,0.0
2020-06-10,Tulare,California,6107.0,2432,96,51.0,2.0
2020-06-11,Tulare,California,6107.0,2475,98,43.0,2.0
2020-06-12,Tulare,California,6107.0,2564,98,89.0,0.0
2020-06-13,Tulare,California,6107.0,2564,98,0.0,0.0
2020-06-14,Tulare,California,6107.0,2626,98,62.0,0.0
2020-06-15,Tulare,California,6107.0,2664,98,38.0,0.0
2020-06-16,Tulare,California,6107.0,2798,98,134.0,0.0
2020-06-17,Tulare,California,6107.0,2881,106,83.0,8.0
2020-06-18,Tulare,California,6107.0,3004,107,123.0,1.0
2020-06-19,Tulare,California,6107.0,3046,111,42.0,4.0
2020-06-20,Tulare,California,6107.0,3053,111,7.0,0.0
2020-06-21,Tulare,California,6107.0,3172,111,119.0,0.0
2020-06-22,Tulare,California,6107.0,3177,113,5.0,2.0
2020-06-23,Tulare,California,6107.0,3434,116,257.0,3.0
2020-06-24,Tulare,California,6107.0,3533,118,99.0,2.0
2020-06-25,Tulare,California,6107.0,3646,119,113.0,1.0
2020-06-26,Tulare,California,6107.0,3705,122,59.0,3.0
2020-06-27,Tulare,California,6107.0,3720,122,15.0,0.0
2020-06-28,Tulare,California,6107.0,3810,122,90.0,0.0
2020-06-29,Tulare,California,6107.0,3872,124,62.0,2.0
2020-06-30,Tulare,California,6107.0,4156,126,284.0,2.0
2020-07-01,Tulare,California,6107.0,4323,128,167.0,2.0
2020-07-02,Tulare,California,6107.0,4521,133,198.0,5.0
2020-07-03,Tulare,California,6107.0,4627,136,106.0,3.0
2020-07-04,Tulare,California,6107.0,4656,136,29.0,0.0
2020-07-05,Tulare,California,6107.0,4802,136,146.0,0.0
2020-07-06,Tulare,California,6107.0,5009,136,207.0,0.0
2020-07-07,Tulare,California,6107.0,5175,139,166.0,3.0
2020-07-08,Tulare,California,6107.0,5298,148,123.0,9.0
2020-07-09,Tulare,California,6107.0,5509,148,211.0,0.0
2020-07-10,Tulare,California,6107.0,5678,152,169.0,4.0
2020-07-11,Tulare,California,6107.0,5678,152,0.0,0.0
2020-07-12,Tulare,California,6107.0,5780,152,102.0,0.0
2020-07-13,Tulare,California,6107.0,5942,152,162.0,0.0
2020-07-14,Tulare,California,6107.0,6209,153,267.0,1.0
2020-07-15,Tulare,California,6107.0,6332,153,123.0,0.0
2020-07-16,Tulare,California,6107.0,6480,161,148.0,8.0
2020-07-17,Tulare,California,6107.0,6683,165,203.0,4.0
2020-07-18,Tulare,California,6107.0,6683,165,0.0,0.0
2020-07-19,Tulare,California,6107.0,6810,165,127.0,0.0
2020-07-20,Tulare,California,6107.0,6896,167,86.0,2.0
2020-07-21,Tulare,California,6107.0,7120,168,224.0,1.0
