date,county,state,fips,cases,deaths,new_cases,new_deaths
2020-03-21,Yuba,California,6115.0,2,0,2.0,0.0
2020-03-22,Yuba,California,6115.0,2,0,0.0,0.0
2020-03-23,Yuba,California,6115.0,3,0,1.0,0.0
2020-03-24,Yuba,California,6115.0,3,0,0.0,0.0
2020-03-25,Yuba,California,6115.0,3,0,0.0,0.0
2020-03-26,Yuba,California,6115.0,3,0,0.0,0.0
2020-03-27,Yuba,California,6115.0,3,0,0.0,0.0
2020-03-28,Yuba,California,6115.0,3,0,0.0,0.0
2020-03-29,Yuba,California,6115.0,3,0,0.0,0.0
2020-03-30,Yuba,California,6115.0,6,0,3.0,0.0
2020-03-31,Yuba,California,6115.0,7,0,1.0,0.0
2020-04-01,Yuba,California,6115.0,7,0,0.0,0.0
2020-04-02,Yuba,California,6115.0,8,0,1.0,0.0
2020-04-03,Yuba,California,6115.0,9,0,1.0,0.0
2020-04-04,Yuba,California,6115.0,9,0,0.0,0.0
2020-04-05,Yuba,California,6115.0,10,0,1.0,0.0
2020-04-06,Yuba,California,6115.0,11,0,1.0,0.0
2020-04-07,Yuba,California,6115.0,13,0,2.0,0.0
2020-04-08,Yuba,California,6115.0,15,2,2.0,2.0
2020-04-09,Yuba,California,6115.0,15,3,0.0,1.0
2020-04-10,Yuba,California,6115.0,15,1,0.0,-2.0
2020-04-11,Yuba,California,6115.0,15,1,0.0,0.0
2020-04-12,Yuba,California,6115.0,15,1,0.0,0.0
2020-04-13,Yuba,California,6115.0,15,1,0.0,0.0
2020-04-14,Yuba,California,6115.0,15,1,0.0,0.0
2020-04-15,Yuba,California,6115.0,15,1,0.0,0.0
2020-04-16,Yuba,California,6115.0,15,1,0.0,0.0
2020-04-17,Yuba,California,6115.0,15,1,0.0,0.0
2020-04-18,Yuba,California,6115.0,16,1,1.0,0.0
2020-04-19,Yuba,California,6115.0,16,1,0.0,0.0
2020-04-20,Yuba,California,6115.0,16,1,0.0,0.0
2020-04-21,Yuba,California,6115.0,16,1,0.0,0.0
2020-04-22,Yuba,California,6115.0,16,1,0.0,0.0
2020-04-23,Yuba,California,6115.0,16,1,0.0,0.0
2020-04-24,Yuba,California,6115.0,16,1,0.0,0.0
2020-04-25,Yuba,California,6115.0,16,1,0.0,0.0
2020-04-26,Yuba,California,6115.0,16,1,0.0,0.0
2020-04-27,Yuba,California,6115.0,16,1,0.0,0.0
2020-04-28,Yuba,California,6115.0,17,1,1.0,0.0
2020-04-29,Yuba,California,6115.0,17,1,0.0,0.0
2020-04-30,Yuba,California,6115.0,18,1,1.0,0.0
2020-05-01,Yuba,California,6115.0,19,1,1.0,0.0
2020-05-02,Yuba,California,6115.0,19,1,0.0,0.0
2020-05-03,Yuba,California,6115.0,19,1,0.0,0.0
2020-05-04,Yuba,California,6115.0,19,1,0.0,0.0
2020-05-05,Yuba,California,6115.0,19,1,0.0,0.0
2020-05-06,Yuba,California,6115.0,19,1,0.0,0.0
2020-05-07,Yuba,California,6115.0,20,1,1.0,0.0
2020-05-08,Yuba,California,6115.0,20,1,0.0,0.0
2020-05-09,Yuba,California,6115.0,20,1,0.0,0.0
2020-05-10,Yuba,California,6115.0,20,1,0.0,0.0
2020-05-11,Yuba,California,6115.0,21,1,1.0,0.0
2020-05-12,Yuba,California,6115.0,23,1,2.0,0.0
2020-05-13,Yuba,California,6115.0,25,1,2.0,0.0
2020-05-14,Yuba,California,6115.0,25,1,0.0,0.0
2020-05-15,Yuba,California,6115.0,25,1,0.0,0.0
2020-05-16,Yuba,California,6115.0,25,1,0.0,0.0
2020-05-17,Yuba,California,6115.0,26,1,1.0,0.0
2020-05-18,Yuba,California,6115.0,28,1,2.0,0.0
2020-05-19,Yuba,California,6115.0,28,1,0.0,0.0
2020-05-20,Yuba,California,6115.0,28,1,0.0,0.0
2020-05-21,Yuba,California,6115.0,28,1,0.0,0.0
2020-05-22,Yuba,California,6115.0,28,1,0.0,0.0
2020-05-23,Yuba,California,6115.0,28,1,0.0,0.0
2020-05-24,Yuba,California,6115.0,28,1,0.0,0.0
2020-05-25,Yuba,California,6115.0,28,1,0.0,0.0
2020-05-26,Yuba,California,6115.0,28,1,0.0,0.0
2020-05-27,Yuba,California,6115.0,28,1,0.0,0.0
2020-05-28,Yuba,California,6115.0,29,1,1.0,0.0
2020-05-29,Yuba,California,6115.0,29,1,0.0,0.0
2020-05-30,Yuba,California,6115.0,30,1,1.0,0.0
2020-05-31,Yuba,California,6115.0,30,1,0.0,0.0
2020-06-01,Yuba,California,6115.0,30,1,0.0,0.0
2020-06-02,Yuba,California,6115.0,31,1,1.0,0.0
2020-06-03,Yuba,California,6115.0,31,1,0.0,0.0
2020-06-04,Yuba,California,6115.0,31,1,0.0,0.0
2020-06-05,Yuba,California,6115.0,32,1,1.0,0.0
2020-06-06,Yuba,California,6115.0,32,1,0.0,0.0
2020-06-07,Yuba,California,6115.0,32,1,0.0,0.0
2020-06-08,Yuba,California,6115.0,32,1,0.0,0.0
2020-06-09,Yuba,California,6115.0,32,1,0.0,0.0
2020-06-10,Yuba,California,6115.0,33,1,1.0,0.0
2020-06-11,Yuba,California,6115.0,34,1,1.0,0.0
2020-06-12,Yuba,California,6115.0,35,1,1.0,0.0
2020-06-13,Yuba,California,6115.0,35,1,0.0,0.0
2020-06-14,Yuba,California,6115.0,35,1,0.0,0.0
2020-06-15,Yuba,California,6115.0,36,1,1.0,0.0
2020-06-16,Yuba,California,6115.0,37,1,1.0,0.0
2020-06-17,Yuba,California,6115.0,39,1,2.0,0.0
2020-06-18,Yuba,California,6115.0,39,1,0.0,0.0
2020-06-19,Yuba,California,6115.0,39,1,0.0,0.0
2020-06-20,Yuba,California,6115.0,42,1,3.0,0.0
2020-06-21,Yuba,California,6115.0,42,1,0.0,0.0
2020-06-22,Yuba,California,6115.0,43,1,1.0,0.0
2020-06-23,Yuba,California,6115.0,43,1,0.0,0.0
2020-06-24,Yuba,California,6115.0,49,1,6.0,0.0
2020-06-25,Yuba,California,6115.0,51,1,2.0,0.0
2020-06-26,Yuba,California,6115.0,57,1,6.0,0.0
2020-06-27,Yuba,California,6115.0,61,1,4.0,0.0
2020-06-28,Yuba,California,6115.0,65,1,4.0,0.0
2020-06-29,Yuba,California,6115.0,71,1,6.0,0.0
2020-06-30,Yuba,California,6115.0,75,1,4.0,0.0
2020-07-01,Yuba,California,6115.0,94,1,19.0,0.0
2020-07-02,Yuba,California,6115.0,103,1,9.0,0.0
2020-07-03,Yuba,California,6115.0,106,1,3.0,0.0
2020-07-04,Yuba,California,6115.0,120,2,14.0,1.0
2020-07-05,Yuba,California,6115.0,128,2,8.0,0.0
2020-07-06,Yuba,California,6115.0,139,2,11.0,0.0
2020-07-07,Yuba,California,6115.0,147,2,8.0,0.0
2020-07-08,Yuba,California,6115.0,154,3,7.0,1.0
2020-07-09,Yuba,California,6115.0,163,3,9.0,0.0
2020-07-10,Yuba,California,6115.0,180,3,17.0,0.0
2020-07-11,Yuba,California,6115.0,192,3,12.0,0.0
2020-07-12,Yuba,California,6115.0,198,3,6.0,0.0
2020-07-13,Yuba,California,6115.0,211,3,13.0,0.0
2020-07-14,Yuba,California,6115.0,221,3,10.0,0.0
2020-07-15,Yuba,California,6115.0,231,3,10.0,0.0
2020-07-16,Yuba,California,6115.0,236,3,5.0,0.0
2020-07-17,Yuba,California,6115.0,252,3,16.0,0.0
2020-07-18,Yuba,California,6115.0,257,3,5.0,0.0
2020-07-19,Yuba,California,6115.0,270,3,13.0,0.0
2020-07-20,Yuba,California,6115.0,289,3,19.0,0.0
2020-07-21,Yuba,California,6115.0,309,3,20.0,0.0
2020-07-22,Yuba,California,6115.0,319,3,10.0,0.0
2020-07-23,Yuba,California,6115.0,338,3,19.0,0.0
2020-07-24,Yuba,California,6115.0,356,3,18.0,0.0
2020-07-25,Yuba,California,6115.0,372,3,16.0,0.0
2020-07-26,Yuba,California,6115.0,382,3,10.0,0.0
2020-07-27,Yuba,California,6115.0,397,3,15.0,0.0
2020-07-28,Yuba,California,6115.0,415,3,18.0,0.0
2020-07-29,Yuba,California,6115.0,441,4,26.0,1.0
2020-07-30,Yuba,California,6115.0,465,4,24.0,0.0
2020-07-31,Yuba,California,6115.0,471,4,6.0,0.0
2020-08-01,Yuba,California,6115.0,485,4,14.0,0.0
2020-08-02,Yuba,California,6115.0,501,4,16.0,0.0
2020-08-03,Yuba,California,6115.0,512,4,11.0,0.0
2020-08-04,Yuba,California,6115.0,533,4,21.0,0.0
2020-08-05,Yuba,California,6115.0,553,4,20.0,0.0
2020-08-06,Yuba,California,6115.0,572,4,19.0,0.0
2020-08-07,Yuba,California,6115.0,588,4,16.0,0.0
2020-08-08,Yuba,California,6115.0,600,4,12.0,0.0
